14
1 1 3 1 1 1 1
2 2 1 1 1 2 1
3 2 3 1 1 2 1
4 3 1 1 1 3 1
5 3 2 1 1 3 1
6 4 3 1 1 4 1
7 4 5 1 1 4 1
8 4 6 1 1 4 1
9 5 1 1 1 5 1
10 5 4 1 1 5 1
11 1 1 1 2 1 1
12 2 2 1 2 2 1
13 4 4 1 2 4 1
14 5 5 1 2 5 1
8.247452692867540680e-01 6.724890829694323002e-02 -1.080058224163027297e-01 1.752547307132459598e-01 1.080058224163027297e-01 -1.312954876273653149e-01 5.618631732168850867e-02 4.395924308588064489e-02 -1.222707423580786032e-02 -5.618631732168850867e-02 -2.302765647743813260e-01 -4.075691411935949970e-02 -3.114992721979616477e-02 -6.841339155749637246e-02
6.724890829694321615e-02 8.462882096069869187e-01 -8.646288209606986519e-02 -6.724890829694321615e-02 8.646288209606986519e-02 6.200873362445413067e-02 -3.318777292576419180e-02 -5.240174672489083738e-03 2.794759825327510980e-02 3.318777292576419180e-02 1.930131004366811842e-01 -2.401746724890829465e-01 2.358078602620085687e-02 6.113537117903930507e-02
-1.080058224163027436e-01 -8.646288209606985131e-02 8.055312954876274745e-01 1.080058224163027436e-01 1.944687045123725810e-01 -6.928675400291117725e-02 2.299854439592430994e-02 3.871906841339155941e-02 1.572052401746724948e-02 -2.299854439592430994e-02 -3.726346433770014177e-02 -2.809315866084424185e-01 -7.569141193595314843e-03 -7.278020378457060457e-03
1.752547307132459598e-01 -6.724890829694323002e-02 1.080058224163027297e-01 8.247452692867540680e-01 -1.080058224163027297e-01 1.312954876273653149e-01 -5.618631732168850867e-02 -4.395924308588064489e-02 1.222707423580786032e-02 5.618631732168850867e-02 2.302765647743813260e-01 4.075691411935949970e-02 3.114992721979616477e-02 6.841339155749637246e-02
1.080058224163027436e-01 8.646288209606985131e-02 1.944687045123725810e-01 -1.080058224163027436e-01 8.055312954876274745e-01 6.928675400291117725e-02 -2.299854439592430994e-02 -3.871906841339155941e-02 -1.572052401746724948e-02 2.299854439592430994e-02 3.726346433770014177e-02 2.809315866084424185e-01 7.569141193595314843e-03 7.278020378457060457e-03
-1.312954876273653149e-01 6.200873362445414455e-02 -6.928675400291117725e-02 1.312954876273653149e-01 6.928675400291117725e-02 7.836972343522562445e-01 1.717612809315866018e-02 -8.500727802037846836e-02 -1.021834061135371285e-01 -1.717612809315866018e-02 -9.112081513828232393e-02 -7.278020378457025763e-03 -2.841339155749635914e-01 -1.193595342066957887e-01
5.618631732168850174e-02 -3.318777292576419180e-02 2.299854439592430994e-02 -5.618631732168850174e-02 -2.299854439592430994e-02 1.717612809315865324e-02 8.640465793304221709e-01 -3.901018922852984849e-02 9.694323144104803613e-02 1.359534206695778846e-01 -7.569141193595349537e-03 -1.018922852983988186e-02 -1.577874818049490868e-01 2.328966521106259346e-01
4.395924308588063795e-02 -5.240174672489085472e-03 3.871906841339155247e-02 -4.395924308588063795e-02 -3.871906841339155247e-02 -8.500727802037846836e-02 -3.901018922852984849e-02 8.710334788937408312e-01 -8.995633187772926476e-02 3.901018922852984849e-02 1.391557496360990021e-01 3.347889374090246700e-02 -2.529839883551674440e-01 -5.094614264919941626e-02
-1.222707423580786205e-02 2.794759825327510286e-02 1.572052401746724254e-02 1.222707423580786205e-02 -1.572052401746724254e-02 -1.021834061135371285e-01 9.694323144104803613e-02 -8.995633187772926476e-02 8.131004366812226714e-01 -9.694323144104803613e-02 1.467248908296943377e-01 4.366812227074234193e-02 -9.519650655021835717e-02 -2.838427947598253231e-01
-5.618631732168850174e-02 3.318777292576419180e-02 -2.299854439592430994e-02 5.618631732168850174e-02 2.299854439592430994e-02 -1.717612809315865324e-02 1.359534206695778846e-01 3.901018922852984849e-02 -9.694323144104803613e-02 8.640465793304221709e-01 7.569141193595349537e-03 1.018922852983988186e-02 1.577874818049490868e-01 -2.328966521106259346e-01
-2.302765647743813260e-01 1.930131004366812120e-01 -3.726346433770011402e-02 2.302765647743813260e-01 3.726346433770011402e-02 -9.112081513828232393e-02 -7.569141193595335659e-03 1.391557496360990021e-01 1.467248908296943377e-01 7.569141193595335659e-03 4.299854439592430966e-01 1.557496360989810980e-01 4.046579330422134246e-02 1.542940320232896734e-01
-4.075691411935952746e-02 -2.401746724890829188e-01 -2.809315866084424185e-01 4.075691411935952746e-02 2.809315866084424185e-01 -7.278020378457053519e-03 -1.018922852983988880e-02 3.347889374090247394e-02 4.366812227074236274e-02 1.018922852983988880e-02 1.557496360989810147e-01 4.788937409024746072e-01 1.601164483260553162e-02 5.385735080058225155e-02
-3.114992721979618212e-02 2.358078602620087075e-02 -7.569141193595311373e-03 3.114992721979618212e-02 7.569141193595311373e-03 -2.841339155749635914e-01 -1.577874818049490313e-01 -2.529839883551673885e-01 -9.519650655021835717e-02 1.577874818049490313e-01 4.046579330422130083e-02 1.601164483260555937e-02 3.050946142649200166e-01 6.259097525473067414e-02
-6.841339155749635859e-02 6.113537117903929119e-02 -7.278020378457067396e-03 6.841339155749635859e-02 7.278020378457067396e-03 -1.193595342066957748e-01 2.328966521106259069e-01 -5.094614264919941626e-02 -2.838427947598253231e-01 -2.328966521106259069e-01 1.542940320232896734e-01 5.385735080058222379e-02 6.259097525473072965e-02 4.832605531295487422e-01
14
1 1 3 1 1 1 1
2 2 1 1 1 2 1
3 2 3 1 1 2 1
4 3 1 1 1 3 1
5 3 2 1 1 3 1
6 4 3 1 1 4 1
7 4 5 1 1 4 1
8 4 6 1 1 4 1
9 5 1 1 1 5 1
10 5 4 1 1 5 1
11 1 1 1 2 1 1
12 2 2 1 2 2 1
13 4 4 1 2 4 1
14 5 5 1 2 5 1
8.247452692867540680e-01 6.724890829694323002e-02 -1.080058224163027297e-01 1.752547307132459598e-01 1.080058224163027297e-01 -1.312954876273653149e-01 5.618631732168850867e-02 4.395924308588064489e-02 -1.222707423580786032e-02 -5.618631732168850867e-02 -2.302765647743813260e-01 -4.075691411935949970e-02 -3.114992721979616477e-02 -6.841339155749637246e-02
6.724890829694321615e-02 8.462882096069869187e-01 -8.646288209606986519e-02 -6.724890829694321615e-02 8.646288209606986519e-02 6.200873362445413067e-02 -3.318777292576419180e-02 -5.240174672489083738e-03 2.794759825327510980e-02 3.318777292576419180e-02 1.930131004366811842e-01 -2.401746724890829465e-01 2.358078602620085687e-02 6.113537117903930507e-02
-1.080058224163027436e-01 -8.646288209606985131e-02 8.055312954876274745e-01 1.080058224163027436e-01 1.944687045123725810e-01 -6.928675400291117725e-02 2.299854439592430994e-02 3.871906841339155941e-02 1.572052401746724948e-02 -2.299854439592430994e-02 -3.726346433770014177e-02 -2.809315866084424185e-01 -7.569141193595314843e-03 -7.278020378457060457e-03
1.752547307132459598e-01 -6.724890829694323002e-02 1.080058224163027297e-01 8.247452692867540680e-01 -1.080058224163027297e-01 1.312954876273653149e-01 -5.618631732168850867e-02 -4.395924308588064489e-02 1.222707423580786032e-02 5.618631732168850867e-02 2.302765647743813260e-01 4.075691411935949970e-02 3.114992721979616477e-02 6.841339155749637246e-02
1.080058224163027436e-01 8.646288209606985131e-02 1.944687045123725810e-01 -1.080058224163027436e-01 8.055312954876274745e-01 6.928675400291117725e-02 -2.299854439592430994e-02 -3.871906841339155941e-02 -1.572052401746724948e-02 2.299854439592430994e-02 3.726346433770014177e-02 2.809315866084424185e-01 7.569141193595314843e-03 7.278020378457060457e-03
-1.312954876273653149e-01 6.200873362445414455e-02 -6.928675400291117725e-02 1.312954876273653149e-01 6.928675400291117725e-02 7.836972343522562445e-01 1.717612809315866018e-02 -8.500727802037846836e-02 -1.021834061135371285e-01 -1.717612809315866018e-02 -9.112081513828232393e-02 -7.278020378457025763e-03 -2.841339155749635914e-01 -1.193595342066957887e-01
5.618631732168850174e-02 -3.318777292576419180e-02 2.299854439592430994e-02 -5.618631732168850174e-02 -2.299854439592430994e-02 1.717612809315865324e-02 8.640465793304221709e-01 -3.901018922852984849e-02 9.694323144104803613e-02 1.359534206695778846e-01 -7.569141193595349537e-03 -1.018922852983988186e-02 -1.577874818049490868e-01 2.328966521106259346e-01
4.395924308588063795e-02 -5.240174672489085472e-03 3.871906841339155247e-02 -4.395924308588063795e-02 -3.871906841339155247e-02 -8.500727802037846836e-02 -3.901018922852984849e-02 8.710334788937408312e-01 -8.995633187772926476e-02 3.901018922852984849e-02 1.391557496360990021e-01 3.347889374090246700e-02 -2.529839883551674440e-01 -5.094614264919941626e-02
-1.222707423580786205e-02 2.794759825327510286e-02 1.572052401746724254e-02 1.222707423580786205e-02 -1.572052401746724254e-02 -1.021834061135371285e-01 9.694323144104803613e-02 -8.995633187772926476e-02 8.131004366812226714e-01 -9.694323144104803613e-02 1.467248908296943377e-01 4.366812227074234193e-02 -9.519650655021835717e-02 -2.838427947598253231e-01
-5.618631732168850174e-02 3.318777292576419180e-02 -2.299854439592430994e-02 5.618631732168850174e-02 2.299854439592430994e-02 -1.717612809315865324e-02 1.359534206695778846e-01 3.901018922852984849e-02 -9.694323144104803613e-02 8.640465793304221709e-01 7.569141193595349537e-03 1.018922852983988186e-02 1.577874818049490868e-01 -2.328966521106259346e-01
-2.302765647743813260e-01 1.930131004366812120e-01 -3.726346433770011402e-02 2.302765647743813260e-01 3.726346433770011402e-02 -9.112081513828232393e-02 -7.569141193595335659e-03 1.391557496360990021e-01 1.467248908296943377e-01 7.569141193595335659e-03 4.299854439592430966e-01 1.557496360989810980e-01 4.046579330422134246e-02 1.542940320232896734e-01
-4.075691411935952746e-02 -2.401746724890829188e-01 -2.809315866084424185e-01 4.075691411935952746e-02 2.809315866084424185e-01 -7.278020378457053519e-03 -1.018922852983988880e-02 3.347889374090247394e-02 4.366812227074236274e-02 1.018922852983988880e-02 1.557496360989810147e-01 4.788937409024746072e-01 1.601164483260553162e-02 5.385735080058225155e-02
-3.114992721979618212e-02 2.358078602620087075e-02 -7.569141193595311373e-03 3.114992721979618212e-02 7.569141193595311373e-03 -2.841339155749635914e-01 -1.577874818049490313e-01 -2.529839883551673885e-01 -9.519650655021835717e-02 1.577874818049490313e-01 4.046579330422130083e-02 1.601164483260555937e-02 3.050946142649200166e-01 6.259097525473067414e-02
-6.841339155749635859e-02 6.113537117903929119e-02 -7.278020378457067396e-03 6.841339155749635859e-02 7.278020378457067396e-03 -1.193595342066957748e-01 2.328966521106259069e-01 -5.094614264919941626e-02 -2.838427947598253231e-01 -2.328966521106259069e-01 1.542940320232896734e-01 5.385735080058222379e-02 6.259097525473072965e-02 4.832605531295487422e-01
14
1 1 3 1 1 1 1
2 2 1 1 1 2 1
3 2 3 1 1 2 1
4 3 1 1 1 3 1
5 3 2 1 1 3 1
6 4 3 1 1 4 1
7 4 5 1 1 4 1
8 4 6 1 1 4 1
9 5 1 1 1 5 1
10 5 4 1 1 5 1
11 1 1 1 2 1 1
12 2 2 1 2 2 1
13 4 4 1 2 4 1
14 5 5 1 2 5 1
8.247452692867540680e-01 6.724890829694323002e-02 -1.080058224163027297e-01 1.752547307132459598e-01 1.080058224163027297e-01 -1.312954876273653149e-01 5.618631732168850867e-02 4.395924308588064489e-02 -1.222707423580786032e-02 -5.618631732168850867e-02 -2.302765647743813260e-01 -4.075691411935949970e-02 -3.114992721979616477e-02 -6.841339155749637246e-02
6.724890829694321615e-02 8.462882096069869187e-01 -8.646288209606986519e-02 -6.724890829694321615e-02 8.646288209606986519e-02 6.200873362445413067e-02 -3.318777292576419180e-02 -5.240174672489083738e-03 2.794759825327510980e-02 3.318777292576419180e-02 1.930131004366811842e-01 -2.401746724890829465e-01 2.358078602620085687e-02 6.113537117903930507e-02
-1.080058224163027436e-01 -8.646288209606985131e-02 8.055312954876274745e-01 1.080058224163027436e-01 1.944687045123725810e-01 -6.928675400291117725e-02 2.299854439592430994e-02 3.871906841339155941e-02 1.572052401746724948e-02 -2.299854439592430994e-02 -3.726346433770014177e-02 -2.809315866084424185e-01 -7.569141193595314843e-03 -7.278020378457060457e-03
1.752547307132459598e-01 -6.724890829694323002e-02 1.080058224163027297e-01 8.247452692867540680e-01 -1.080058224163027297e-01 1.312954876273653149e-01 -5.618631732168850867e-02 -4.395924308588064489e-02 1.222707423580786032e-02 5.618631732168850867e-02 2.302765647743813260e-01 4.075691411935949970e-02 3.114992721979616477e-02 6.841339155749637246e-02
1.080058224163027436e-01 8.646288209606985131e-02 1.944687045123725810e-01 -1.080058224163027436e-01 8.055312954876274745e-01 6.928675400291117725e-02 -2.299854439592430994e-02 -3.871906841339155941e-02 -1.572052401746724948e-02 2.299854439592430994e-02 3.726346433770014177e-02 2.809315866084424185e-01 7.569141193595314843e-03 7.278020378457060457e-03
-1.312954876273653149e-01 6.200873362445414455e-02 -6.928675400291117725e-02 1.312954876273653149e-01 6.928675400291117725e-02 7.836972343522562445e-01 1.717612809315866018e-02 -8.500727802037846836e-02 -1.021834061135371285e-01 -1.717612809315866018e-02 -9.112081513828232393e-02 -7.278020378457025763e-03 -2.841339155749635914e-01 -1.193595342066957887e-01
5.618631732168850174e-02 -3.318777292576419180e-02 2.299854439592430994e-02 -5.618631732168850174e-02 -2.299854439592430994e-02 1.717612809315865324e-02 8.640465793304221709e-01 -3.901018922852984849e-02 9.694323144104803613e-02 1.359534206695778846e-01 -7.569141193595349537e-03 -1.018922852983988186e-02 -1.577874818049490868e-01 2.328966521106259346e-01
4.395924308588063795e-02 -5.240174672489085472e-03 3.871906841339155247e-02 -4.395924308588063795e-02 -3.871906841339155247e-02 -8.500727802037846836e-02 -3.901018922852984849e-02 8.710334788937408312e-01 -8.995633187772926476e-02 3.901018922852984849e-02 1.391557496360990021e-01 3.347889374090246700e-02 -2.529839883551674440e-01 -5.094614264919941626e-02
-1.222707423580786205e-02 2.794759825327510286e-02 1.572052401746724254e-02 1.222707423580786205e-02 -1.572052401746724254e-02 -1.021834061135371285e-01 9.694323144104803613e-02 -8.995633187772926476e-02 8.131004366812226714e-01 -9.694323144104803613e-02 1.467248908296943377e-01 4.366812227074234193e-02 -9.519650655021835717e-02 -2.838427947598253231e-01
-5.618631732168850174e-02 3.318777292576419180e-02 -2.299854439592430994e-02 5.618631732168850174e-02 2.299854439592430994e-02 -1.717612809315865324e-02 1.359534206695778846e-01 3.901018922852984849e-02 -9.694323144104803613e-02 8.640465793304221709e-01 7.569141193595349537e-03 1.018922852983988186e-02 1.577874818049490868e-01 -2.328966521106259346e-01
-2.302765647743813260e-01 1.930131004366812120e-01 -3.726346433770011402e-02 2.302765647743813260e-01 3.726346433770011402e-02 -9.112081513828232393e-02 -7.569141193595335659e-03 1.391557496360990021e-01 1.467248908296943377e-01 7.569141193595335659e-03 4.299854439592430966e-01 1.557496360989810980e-01 4.046579330422134246e-02 1.542940320232896734e-01
-4.075691411935952746e-02 -2.401746724890829188e-01 -2.809315866084424185e-01 4.075691411935952746e-02 2.809315866084424185e-01 -7.278020378457053519e-03 -1.018922852983988880e-02 3.347889374090247394e-02 4.366812227074236274e-02 1.018922852983988880e-02 1.557496360989810147e-01 4.788937409024746072e-01 1.601164483260553162e-02 5.385735080058225155e-02
-3.114992721979618212e-02 2.358078602620087075e-02 -7.569141193595311373e-03 3.114992721979618212e-02 7.569141193595311373e-03 -2.841339155749635914e-01 -1.577874818049490313e-01 -2.529839883551673885e-01 -9.519650655021835717e-02 1.577874818049490313e-01 4.046579330422130083e-02 1.601164483260555937e-02 3.050946142649200166e-01 6.259097525473067414e-02
-6.841339155749635859e-02 6.113537117903929119e-02 -7.278020378457067396e-03 6.841339155749635859e-02 7.278020378457067396e-03 -1.193595342066957748e-01 2.328966521106259069e-01 -5.094614264919941626e-02 -2.838427947598253231e-01 -2.328966521106259069e-01 1.542940320232896734e-01 5.385735080058222379e-02 6.259097525473072965e-02 4.832605531295487422e-01
14
1 1 3 1 1 1 1
2 2 1 1 1 2 1
3 2 3 1 1 2 1
4 3 1 1 1 3 1
5 3 2 1 1 3 1
6 4 3 1 1 4 1
7 4 5 1 1 4 1
8 4 6 1 1 4 1
9 5 1 1 1 5 1
10 5 4 1 1 5 1
11 1 1 1 2 1 1
12 2 2 1 2 2 1
13 4 4 1 2 4 1
14 5 5 1 2 5 1
