1 0 0 0 0 0 
1 1 0 0 0 0 
1 2 1 0 0 0 
1 3 3 1 0 0 
1 4 6 4 1 0 
1 5 10 10 5 1 
1 6 15 20 15 6 
1 7 21 35 35 21 
1 8 28 56 70 56 
1 9 36 84 126 126 
1 10 45 120 210 252 
1 11 55 165 330 462 
1 12 66 220 495 792 
1 13 78 286 715 1287 
1 14 91 364 1001 2002 
1 15 105 455 1365 3003 
1 16 120 560 1820 4368 
1 17 136 680 2380 6188 
1 18 153 816 3060 8568 
1 19 171 969 3876 11628 
1 20 190 1140 4845 15504 
1 21 210 1330 5985 20349 
1 22 231 1540 7315 26334 
1 23 253 1771 8855 33649 
1 24 276 2024 10626 42504 
1 25 300 2300 12650 53130 
1 26 325 2600 14950 65780 
1 27 351 2925 17550 80730 
1 28 378 3276 20475 98280 
1 29 406 3654 23751 118755 
1 30 435 4060 27405 142506 
1 31 465 4495 31465 169911 
1 32 496 4960 35960 201376 
1 33 528 5456 40920 237336 
1 34 561 5984 46376 278256 
1 35 595 6545 52360 324632 
1 36 630 7140 58905 376992 
1 37 666 7770 66045 435897 
1 38 703 8436 73815 501942 
1 39 741 9139 82251 575757 
1 40 780 9880 91390 658008 
1 41 820 10660 101270 749398 
1 42 861 11480 111930 850668 
1 43 903 12341 123410 962598 
1 44 946 13244 135751 1086008 
1 45 990 14190 148995 1221759 
1 46 1035 15180 163185 1370754 
1 47 1081 16215 178365 1533939 
1 48 1128 17296 194580 1712304 
1 49 1176 18424 211876 1906884 
1 50 1225 19600 230300 2118760 
1 51 1275 20825 249900 2349060 
1 52 1326 22100 270725 2598960 
1 53 1378 23426 292825 2869685 
1 54 1431 24804 316251 3162510 
1 55 1485 26235 341055 3478761 
1 56 1540 27720 367290 3819816 
1 57 1596 29260 395010 4187106 
1 58 1653 30856 424270 4582116 
1 59 1711 32509 455126 5006386 
1 60 1770 34220 487635 5461512 
1 61 1830 35990 521855 5949147 
1 62 1891 37820 557845 6471002 
1 63 1953 39711 595665 7028847 
1 64 2016 41664 635376 7624512 
1 65 2080 43680 677040 8259888 
1 66 2145 45760 720720 8936928 
1 67 2211 47905 766480 9657648 
1 68 2278 50116 814385 10424128 
1 69 2346 52394 864501 11238513 
1 70 2415 54740 916895 12103014 
1 71 2485 57155 971635 13019909 
1 72 2556 59640 1028790 13991544 
1 73 2628 62196 1088430 15020334 
1 74 2701 64824 1150626 16108764 
1 75 2775 67525 1215450 17259390 
1 76 2850 70300 1282975 18474840 
1 77 2926 73150 1353275 19757815 
1 78 3003 76076 1426425 21111090 
1 79 3081 79079 1502501 22537515 
1 80 3160 82160 1581580 24040016 
1 81 3240 85320 1663740 25621596 
1 82 3321 88560 1749060 27285336 
1 83 3403 91881 1837620 29034396 
1 84 3486 95284 1929501 30872016 
1 85 3570 98770 2024785 32801517 
1 86 3655 102340 2123555 34826302 
1 87 3741 105995 2225895 36949857 
1 88 3828 109736 2331890 39175752 
1 89 3916 113564 2441626 41507642 
1 90 4005 117480 2555190 43949268 
1 91 4095 121485 2672670 46504458 
1 92 4186 125580 2794155 49177128 
1 93 4278 129766 2919735 51971283 
1 94 4371 134044 3049501 54891018 
1 95 4465 138415 3183545 57940519 
1 96 4560 142880 3321960 61124064 
1 97 4656 147440 3464840 64446024 
1 98 4753 152096 3612280 67910864 
1 99 4851 156849 3764376 71523144 
1 100 4950 161700 3921225 75287520 
1 101 5050 166650 4082925 79208745 
1 102 5151 171700 4249575 83291670 
1 103 5253 176851 4421275 87541245 
1 104 5356 182104 4598126 91962520 
1 105 5460 187460 4780230 96560646 
1 106 5565 192920 4967690 101340876 
1 107 5671 198485 5160610 106308566 
1 108 5778 204156 5359095 111469176 
1 109 5886 209934 5563251 116828271 
1 110 5995 215820 5773185 122391522 
1 111 6105 221815 5989005 128164707 
1 112 6216 227920 6210820 134153712 
1 113 6328 234136 6438740 140364532 
1 114 6441 240464 6672876 146803272 
1 115 6555 246905 6913340 153476148 
1 116 6670 253460 7160245 160389488 
1 117 6786 260130 7413705 167549733 
1 118 6903 266916 7673835 174963438 
1 119 7021 273819 7940751 182637273 
1 120 7140 280840 8214570 190578024 
1 121 7260 287980 8495410 198792594 
1 122 7381 295240 8783390 207288004 
1 123 7503 302621 9078630 216071394 
1 124 7626 310124 9381251 225150024 
1 125 7750 317750 9691375 234531275 
1 126 7875 325500 10009125 244222650 
1 127 8001 333375 10334625 254231775 
1 128 8128 341376 10668000 264566400 
1 129 8256 349504 11009376 275234400 
1 130 8385 357760 11358880 286243776 
1 131 8515 366145 11716640 297602656 
1 132 8646 374660 12082785 309319296 
1 133 8778 383306 12457445 321402081 
1 134 8911 392084 12840751 333859526 
1 135 9045 400995 13232835 346700277 
1 136 9180 410040 13633830 359933112 
1 137 9316 419220 14043870 373566942 
1 138 9453 428536 14463090 387610812 
1 139 9591 437989 14891626 402073902 
1 140 9730 447580 15329615 416965528 
1 141 9870 457310 15777195 432295143 
1 142 10011 467180 16234505 448072338 
1 143 10153 477191 16701685 464306843 
1 144 10296 487344 17178876 481008528 
1 145 10440 497640 17666220 498187404 
1 146 10585 508080 18163860 515853624 
1 147 10731 518665 18671940 534017484 
1 148 10878 529396 19190605 552689424 
1 149 11026 540274 19720001 571880029 
1 150 11175 551300 20260275 591600030 
1 151 11325 562475 20811575 611860305 
1 152 11476 573800 21374050 632671880 
1 153 11628 585276 21947850 654045930 
1 154 11781 596904 22533126 675993780 
1 155 11935 608685 23130030 698526906 
1 156 12090 620620 23738715 721656936 
1 157 12246 632710 24359335 745395651 
1 158 12403 644956 24992045 769754986 
1 159 12561 657359 25637001 794747031 
1 160 12720 669920 26294360 820384032 
1 161 12880 682640 26964280 846678392 
1 162 13041 695520 27646920 873642672 
1 163 13203 708561 28342440 901289592 
1 164 13366 721764 29051001 929632032 
1 165 13530 735130 29772765 958683033 
1 166 13695 748660 30507895 988455798 
1 167 13861 762355 31256555 1018963693 
1 168 14028 776216 32018910 1050220248 
1 169 14196 790244 32795126 1082239158 
1 170 14365 804440 33585370 1115034284 
1 171 14535 818805 34389810 1148619654 
1 172 14706 833340 35208615 1183009464 
1 173 14878 848046 36041955 1218218079 
1 174 15051 862924 36890001 1254260034 
1 175 15225 877975 37752925 1291150035 
1 176 15400 893200 38630900 1328902960 
1 177 15576 908600 39524100 1367533860 
1 178 15753 924176 40432700 1407057960 
1 179 15931 939929 41356876 1447490660 
1 180 16110 955860 42296805 1488847536 
1 181 16290 971970 43252665 1531144341 
1 182 16471 988260 44224635 1574397006 
1 183 16653 1004731 45212895 1618621641 
1 184 16836 1021384 46217626 1663834536 
1 185 17020 1038220 47239010 1710052162 
1 186 17205 1055240 48277230 1757291172 
1 187 17391 1072445 49332470 1805568402 
1 188 17578 1089836 50404915 1854900872 
1 189 17766 1107414 51494751 1905305787 
1 190 17955 1125180 52602165 1956800538 
1 191 18145 1143135 53727345 2009402703 
1 192 18336 1161280 54870480 2063130048 
1 193 18528 1179616 56031760 2118000528 
1 194 18721 1198144 57211376 2174032288 
1 195 18915 1216865 58409520 2231243664 
1 196 19110 1235780 59626385 2289653184 
1 197 19306 1254890 60862165 2349279569 
1 198 19503 1274196 62117055 2410141734 
1 199 19701 1293699 63391251 2472258789 
1 200 19900 1313400 64684950 2535650040 
1 201 20100 1333300 65998350 2600334990 
1 202 20301 1353400 67331650 2666333340 
1 203 20503 1373701 68685050 2733664990 
1 204 20706 1394204 70058751 2802350040 
1 205 20910 1414910 71452955 2872408791 
1 206 21115 1435820 72867865 2943861746 
1 207 21321 1456935 74303685 3016729611 
1 208 21528 1478256 75760620 3091033296 
1 209 21736 1499784 77238876 3166793916 
1 210 21945 1521520 78738660 3244032792 
1 211 22155 1543465 80260180 3322771452 
1 212 22366 1565620 81803645 3403031632 
1 213 22578 1587986 83369265 3484835277 
1 214 22791 1610564 84957251 3568204542 
1 215 23005 1633355 86567815 3653161793 
1 216 23220 1656360 88201170 3739729608 
1 217 23436 1679580 89857530 3827930778 
1 218 23653 1703016 91537110 3917788308 
1 219 23871 1726669 93240126 4009325418 
1 220 24090 1750540 94966795 4102565544 
1 221 24310 1774630 96717335 4197532339 
1 222 24531 1798940 98491965 4294249674 
1 223 24753 1823471 100290905 4392741639 
1 224 24976 1848224 102114376 4493032544 
1 225 25200 1873200 103962600 4595146920 
1 226 25425 1898400 105835800 4699109520 
1 227 25651 1923825 107734200 4804945320 
1 228 25878 1949476 109658025 4912679520 
1 229 26106 1975354 111607501 5022337545 
1 230 26335 2001460 113582855 5133945046 
1 231 26565 2027795 115584315 5247527901 
1 232 26796 2054360 117612110 5363112216 
1 233 27028 2081156 119666470 5480724326 
1 234 27261 2108184 121747626 5600390796 
1 235 27495 2135445 123855810 5722138422 
1 236 27730 2162940 125991255 5845994232 
1 237 27966 2190670 128154195 5971985487 
1 238 28203 2218636 130344865 6100139682 
1 239 28441 2246839 132563501 6230484547 
1 240 28680 2275280 134810340 6363048048 
1 241 28920 2303960 137085620 6497858388 
1 242 29161 2332880 139389580 6634944008 
1 243 29403 2362041 141722460 6774333588 
1 244 29646 2391444 144084501 6916056048 
1 245 29890 2421090 146475945 7060140549 
1 246 30135 2450980 148897035 7206616494 
1 247 30381 2481115 151348015 7355513529 
1 248 30628 2511496 153829130 7506861544 
1 249 30876 2542124 156340626 7660690674 
1 250 31125 2573000 158882750 7817031300 
1 251 31375 2604125 161455750 7975914050 
1 252 31626 2635500 164059875 8137369800 
1 253 31878 2667126 166695375 8301429675 
1 254 32131 2699004 169362501 8468125050 
1 255 32385 2731135 172061505 8637487551 
1 256 32640 2763520 174792640 8809549056 
1 257 32896 2796160 177556160 8984341696 
1 258 33153 2829056 180352320 9161897856 
1 259 33411 2862209 183181376 9342250176 
1 260 33670 2895620 186043585 9525431552 
1 261 33930 2929290 188939205 9711475137 
1 262 34191 2963220 191868495 9900414342 
1 263 34453 2997411 194831715 10092282837 
1 264 34716 3031864 197829126 10287114552 
1 265 34980 3066580 200860990 10484943678 
1 266 35245 3101560 203927570 10685804668 
1 267 35511 3136805 207029130 10889732238 
1 268 35778 3172316 210165935 11096761368 
1 269 36046 3208094 213338251 11306927303 
1 270 36315 3244140 216546345 11520265554 
1 271 36585 3280455 219790485 11736811899 
1 272 36856 3317040 223070940 11956602384 
1 273 37128 3353896 226387980 12179673324 
1 274 37401 3391024 229741876 12406061304 
1 275 37675 3428425 233132900 12635803180 
1 276 37950 3466100 236561325 12868936080 
1 277 38226 3504050 240027425 13105497405 
1 278 38503 3542276 243531475 13345524830 
1 279 38781 3580779 247073751 13589056305 
1 280 39060 3619560 250654530 13836130056 
1 281 39340 3658620 254274090 14086784586 
1 282 39621 3697960 257932710 14341058676 
1 283 39903 3737581 261630670 14598991386 
1 284 40186 3777484 265368251 14860622056 
1 285 40470 3817670 269145735 15125990307 
1 286 40755 3858140 272963405 15395136042 
1 287 41041 3898895 276821545 15668099447 
1 288 41328 3939936 280720440 15944920992 
1 289 41616 3981264 284660376 16225641432 
1 290 41905 4022880 288641640 16510301808 
1 291 42195 4064785 292664520 16798943448 
1 292 42486 4106980 296729305 17091607968 
1 293 42778 4149466 300836285 17388337273 
1 294 43071 4192244 304985751 17689173558 
1 295 43365 4235315 309177995 17994159309 
1 296 43660 4278680 313413310 18303337304 
1 297 43956 4322340 317691990 18616750614 
1 298 44253 4366296 322014330 18934442604 
1 299 44551 4410549 326380626 19256456934 
1 300 44850 4455100 330791175 19582837560 
1 301 45150 4499950 335246275 19913628735 
1 302 45451 4545100 339746225 20248875010 
1 303 45753 4590551 344291325 20588621235 
1 304 46056 4636304 348881876 20932912560 
1 305 46360 4682360 353518180 21281794436 
1 306 46665 4728720 358200540 21635312616 
1 307 46971 4775385 362929260 21993513156 
1 308 47278 4822356 367704645 22356442416 
1 309 47586 4869634 372527001 22724147061 
1 310 47895 4917220 377396635 23096674062 
1 311 48205 4965115 382313855 23474070697 
1 312 48516 5013320 387278970 23856384552 
1 313 48828 5061836 392292290 24243663522 
1 314 49141 5110664 397354126 24635955812 
1 315 49455 5159805 402464790 25033309938 
1 316 49770 5209260 407624595 25435774728 
1 317 50086 5259030 412833855 25843399323 
1 318 50403 5309116 418092885 26256233178 
1 319 50721 5359519 423402001 26674326063 
1 320 51040 5410240 428761520 27097728064 
1 321 51360 5461280 434171760 27526489584 
1 322 51681 5512640 439633040 27960661344 
1 323 52003 5564321 445145680 28400294384 
1 324 52326 5616324 450710001 28845440064 
1 325 52650 5668650 456326325 29296150065 
1 326 52975 5721300 461994975 29752476390 
1 327 53301 5774275 467716275 30214471365 
1 328 53628 5827576 473490550 30682187640 
1 329 53956 5881204 479318126 31155678190 
1 330 54285 5935160 485199330 31634996316 
1 331 54615 5989445 491134490 32120195646 
1 332 54946 6044060 497123935 32611330136 
1 333 55278 6099006 503167995 33108454071 
1 334 55611 6154284 509267001 33611622066 
1 335 55945 6209895 515421285 34120889067 
1 336 56280 6265840 521631180 34636310352 
1 337 56616 6322120 527897020 35157941532 
1 338 56953 6378736 534219140 35685838552 
1 339 57291 6435689 540597876 36220057692 
1 340 57630 6492980 547033565 36760655568 
1 341 57970 6550610 553526545 37307689133 
1 342 58311 6608580 560077155 37861215678 
1 343 58653 6666891 566685735 38421292833 
1 344 58996 6725544 573352626 38987978568 
1 345 59340 6784540 580078170 39561331194 
1 346 59685 6843880 586862710 40141409364 
1 347 60031 6903565 593706590 40728272074 
1 348 60378 6963596 600610155 41321978664 
1 349 60726 7023974 607573751 41922588819 
1 350 61075 7084700 614597725 42530162570 
1 351 61425 7145775 621682425 43144760295 
1 352 61776 7207200 628828200 43766442720 
1 353 62128 7268976 636035400 44395270920 
1 354 62481 7331104 643304376 45031306320 
1 355 62835 7393585 650635480 45674610696 
1 356 63190 7456420 658029065 46325246176 
1 357 63546 7519610 665485485 46983275241 
1 358 63903 7583156 673005095 47648760726 
1 359 64261 7647059 680588251 48321765821 
1 360 64620 7711320 688235310 49002354072 
1 361 64980 7775940 695946630 49690589382 
1 362 65341 7840920 703722570 50386536012 
1 363 65703 7906261 711563490 51090258582 
1 364 66066 7971964 719469751 51801822072 
1 365 66430 8038030 727441715 52521291823 
1 366 66795 8104460 735479745 53248733538 
1 367 67161 8171255 743584205 53984213283 
1 368 67528 8238416 751755460 54727797488 
1 369 67896 8305944 759993876 55479552948 
1 370 68265 8373840 768299820 56239546824 
1 371 68635 8442105 776673660 57007846644 
1 372 69006 8510740 785115765 57784520304 
1 373 69378 8579746 793626505 58569636069 
1 374 69751 8649124 802206251 59363262574 
1 375 70125 8718875 810855375 60165468825 
1 376 70500 8789000 819574250 60976324200 
1 377 70876 8859500 828363250 61795898450 
1 378 71253 8930376 837222750 62624261700 
1 379 71631 9001629 846153126 63461484450 
1 380 72010 9073260 855154755 64307637576 
1 381 72390 9145270 864228015 65162792331 
1 382 72771 9217660 873373285 66027020346 
1 383 73153 9290431 882590945 66900393631 
1 384 73536 9363584 891881376 67782984576 
1 385 73920 9437120 901244960 68674865952 
1 386 74305 9511040 910682080 69576110912 
1 387 74691 9585345 920193120 70486792992 
1 388 75078 9660036 929778465 71406986112 
1 389 75466 9735114 939438501 72336764577 
1 390 75855 9810580 949173615 73276203078 
1 391 76245 9886435 958984195 74225376693 
1 392 76636 9962680 968870630 75184360888 
1 393 77028 10039316 978833310 76153231518 
1 394 77421 10116344 988872626 77132064828 
1 395 77815 10193765 998988970 78120937454 
1 396 78210 10271580 1009182735 79119926424 
1 397 78606 10349790 1019454315 80129109159 
1 398 79003 10428396 1029804105 81148563474 
1 399 79401 10507399 1040232501 82178367579 
1 400 79800 10586800 1050739900 83218600080 
1 401 80200 10666600 1061326700 84269339980 
1 402 80601 10746800 1071993300 85330666680 
1 403 81003 10827401 1082740100 86402659980 
1 404 81406 10908404 1093567501 87485400080 
1 405 81810 10989810 1104475905 88578967581 
1 406 82215 11071620 1115465715 89683443486 
1 407 82621 11153835 1126537335 90798909201 
1 408 83028 11236456 1137691170 91925446536 
1 409 83436 11319484 1148927626 93063137706 
1 410 83845 11402920 1160247110 94212065332 
1 411 84255 11486765 1171650030 95372312442 
1 412 84666 11571020 1183136795 96543962472 
1 413 85078 11655686 1194707815 97727099267 
1 414 85491 11740764 1206363501 98921807082 
1 415 85905 11826255 1218104265 100128170583 
1 416 86320 11912160 1229930520 101346274848 
1 417 86736 11998480 1241842680 102576205368 
1 418 87153 12085216 1253841160 103818048048 
1 419 87571 12172369 1265926376 105071889208 
1 420 87990 12259940 1278098745 106337815584 
1 421 88410 12347930 1290358685 107615914329 
1 422 88831 12436340 1302706615 108906273014 
1 423 89253 12525171 1315142955 110208979629 
1 424 89676 12614424 1327668126 111524122584 
1 425 90100 12704100 1340282550 112851790710 
1 426 90525 12794200 1352986650 114192073260 
1 427 90951 12884725 1365780850 115545059910 
1 428 91378 12975676 1378665575 116910840760 
1 429 91806 13067054 1391641251 118289506335 
1 430 92235 13158860 1404708305 119681147586 
1 431 92665 13251095 1417867165 121085855891 
1 432 93096 13343760 1431118260 122503723056 
1 433 93528 13436856 1444462020 123934841316 
1 434 93961 13530384 1457898876 125379303336 
1 435 94395 13624345 1471429260 126837202212 
1 436 94830 13718740 1485053605 128308631472 
1 437 95266 13813570 1498772345 129793685077 
1 438 95703 13908836 1512585915 131292457422 
1 439 96141 14004539 1526494751 132805043337 
1 440 96580 14100680 1540499290 134331538088 
1 441 97020 14197260 1554599970 135872037378 
1 442 97461 14294280 1568797230 137426637348 
1 443 97903 14391741 1583091510 138995434578 
1 444 98346 14489644 1597483251 140578526088 
1 445 98790 14587990 1611972895 142176009339 
1 446 99235 14686780 1626560885 143787982234 
1 447 99681 14786015 1641247665 145414543119 
1 448 100128 14885696 1656033680 147055790784 
1 449 100576 14985824 1670919376 148711824464 
1 450 101025 15086400 1685905200 150382743840 
1 451 101475 15187425 1700991600 152068649040 
1 452 101926 15288900 1716179025 153769640640 
1 453 102378 15390826 1731467925 155485819665 
1 454 102831 15493204 1746858751 157217287590 
1 455 103285 15596035 1762351955 158964146341 
1 456 103740 15699320 1777947990 160726498296 
1 457 104196 15803060 1793647310 162504446286 
1 458 104653 15907256 1809450370 164298093596 
1 459 105111 16011909 1825357626 166107543966 
1 460 105570 16117020 1841369535 167932901592 
1 461 106030 16222590 1857486555 169774271127 
1 462 106491 16328620 1873709145 171631757682 
1 463 106953 16435111 1890037765 173505466827 
1 464 107416 16542064 1906472876 175395504592 
1 465 107880 16649480 1923014940 177301977468 
1 466 108345 16757360 1939664420 179224992408 
1 467 108811 16865705 1956421780 181164656828 
1 468 109278 16974516 1973287485 183121078608 
1 469 109746 17083794 1990262001 185094366093 
1 470 110215 17193540 2007345795 187084628094 
1 471 110685 17303755 2024539335 189091973889 
1 472 111156 17414440 2041843090 191116513224 
1 473 111628 17525596 2059257530 193158356314 
1 474 112101 17637224 2076783126 195217613844 
1 475 112575 17749325 2094420350 197294396970 
1 476 113050 17861900 2112169675 199388817320 
1 477 113526 17974950 2130031575 201500986995 
1 478 114003 18088476 2148006525 203631018570 
1 479 114481 18202479 2166095001 205779025095 
1 480 114960 18316960 2184297480 207945120096 
1 481 115440 18431920 2202614440 210129417576 
1 482 115921 18547360 2221046360 212332032016 
1 483 116403 18663281 2239593720 214553078376 
1 484 116886 18779684 2258257001 216792672096 
1 485 117370 18896570 2277036685 219050929097 
1 486 117855 19013940 2295933255 221327965782 
1 487 118341 19131795 2314947195 223623899037 
1 488 118828 19250136 2334078990 225938846232 
1 489 119316 19368964 2353329126 228272925222 
1 490 119805 19488280 2372698090 230626254348 
1 491 120295 19608085 2392186370 232998952438 
1 492 120786 19728380 2411794455 235391138808 
1 493 121278 19849166 2431522835 237802933263 
1 494 121771 19970444 2451372001 240234456098 
1 495 122265 20092215 2471342445 242685828099 
1 496 122760 20214480 2491434660 245157170544 
1 497 123256 20337240 2511649140 247648605204 
1 498 123753 20460496 2531986380 250160254344 
1 499 124251 20584249 2552446876 252692240724 
1 500 124750 20708500 2573031125 255244687600 
1 501 125250 20833250 2593739625 257817718725 
1 502 125751 20958500 2614572875 260411458350 
1 503 126253 21084251 2635531375 263026031225 
1 504 126756 21210504 2656615626 265661562600 
1 505 127260 21337260 2677826130 268318178226 
1 506 127765 21464520 2699163390 270996004356 
1 507 128271 21592285 2720627910 273695167746 
1 508 128778 21720556 2742220195 276415795656 
1 509 129286 21849334 2763940751 279158015851 
1 510 129795 21978620 2785790085 281921956602 
1 511 130305 22108415 2807768705 284707746687 
1 512 130816 22238720 2829877120 287515515392 
1 513 131328 22369536 2852115840 290345392512 
1 514 131841 22500864 2874485376 293197508352 
1 515 132355 22632705 2896986240 296071993728 
1 516 132870 22765060 2919618945 298968979968 
1 517 133386 22897930 2942384005 301888598913 
1 518 133903 23031316 2965281935 304830982918 
1 519 134421 23165219 2988313251 307796264853 
1 520 134940 23299640 3011478470 310784578104 
1 521 135460 23434580 3034778110 313796056574 
1 522 135981 23570040 3058212690 316830834684 
1 523 136503 23706021 3081782730 319889047374 
1 524 137026 23842524 3105488751 322970830104 
1 525 137550 23979550 3129331275 326076318855 
1 526 138075 24117100 3153310825 329205650130 
1 527 138601 24255175 3177427925 332358960955 
1 528 139128 24393776 3201683100 335536388880 
1 529 139656 24532904 3226076876 338738071980 
1 530 140185 24672560 3250609780 341964148856 
1 531 140715 24812745 3275282340 345214758636 
1 532 141246 24953460 3300095085 348490040976 
1 533 141778 25094706 3325048545 351790136061 
1 534 142311 25236484 3350143251 355115184606 
1 535 142845 25378795 3375379735 358465327857 
1 536 143380 25521640 3400758530 361840707592 
1 537 143916 25665020 3426280170 365241466122 
1 538 144453 25808936 3451945190 368667746292 
1 539 144991 25953389 3477754126 372119691482 
1 540 145530 26098380 3503707515 375597445608 
1 541 146070 26243910 3529805895 379101153123 
1 542 146611 26389980 3556049805 382630959018 
1 543 147153 26536591 3582439785 386187008823 
1 544 147696 26683744 3608976376 389769448608 
1 545 148240 26831440 3635660120 393378424984 
1 546 148785 26979680 3662491560 397014085104 
1 547 149331 27128465 3689471240 400676576664 
1 548 149878 27277796 3716599705 404366047904 
1 549 150426 27427674 3743877501 408082647609 
1 550 150975 27578100 3771305175 411826525110 
1 551 151525 27729075 3798883275 415597830285 
1 552 152076 27880600 3826612350 419396713560 
1 553 152628 28032676 3854492950 423223325910 
1 554 153181 28185304 3882525626 427077818860 
1 555 153735 28338485 3910710930 430960344486 
1 556 154290 28492220 3939049415 434871055416 
1 557 154846 28646510 3967541635 438810104831 
1 558 155403 28801356 3996188145 442777646466 
1 559 155961 28956759 4024989501 446773834611 
1 560 156520 29112720 4053946260 450798824112 
1 561 157080 29269240 4083058980 454852770372 
1 562 157641 29426320 4112328220 458935829352 
1 563 158203 29583961 4141754540 463048157572 
1 564 158766 29742164 4171338501 467189912112 
1 565 159330 29900930 4201080665 471361250613 
1 566 159895 30060260 4230981595 475562331278 
1 567 160461 30220155 4261041855 479793312873 
1 568 161028 30380616 4291262010 484054354728 
1 569 161596 30541644 4321642626 488345616738 
1 570 162165 30703240 4352184270 492667259364 
1 571 162735 30865405 4382887510 497019443634 
1 572 163306 31028140 4413752915 501402331144 
1 573 163878 31191446 4444781055 505816084059 
1 574 164451 31355324 4475972501 510260865114 
1 575 165025 31519775 4507327825 514736837615 
1 576 165600 31684800 4538847600 519244165440 
1 577 166176 31850400 4570532400 523783013040 
1 578 166753 32016576 4602382800 528353545440 
1 579 167331 32183329 4634399376 532955928240 
1 580 167910 32350660 4666582705 537590327616 
1 581 168490 32518570 4698933365 542256910321 
1 582 169071 32687060 4731451935 546955843686 
1 583 169653 32856131 4764138995 551687295621 
1 584 170236 33025784 4796995126 556451434616 
1 585 170820 33196020 4830020910 561248429742 
1 586 171405 33366840 4863216930 566078450652 
1 587 171991 33538245 4896583770 570941667582 
1 588 172578 33710236 4930122015 575838251352 
1 589 173166 33882814 4963832251 580768373367 
1 590 173755 34055980 4997715065 585732205618 
1 591 174345 34229735 5031771045 590729920683 
1 592 174936 34404080 5066000780 595761691728 
1 593 175528 34579016 5100404860 600827692508 
1 594 176121 34754544 5134983876 605928097368 
1 595 176715 34930665 5169738420 611063081244 
1 596 177310 35107380 5204669085 616232819664 
1 597 177906 35284690 5239776465 621437488749 
1 598 178503 35462596 5275061155 626677265214 
1 599 179101 35641099 5310523751 631952326369 
1 600 179700 35820200 5346164850 637262850120 
1 601 180300 35999900 5381985050 642609014970 
1 602 180901 36180200 5417984950 647991000020 
1 603 181503 36361101 5454165150 653408984970 
1 604 182106 36542604 5490526251 658863150120 
1 605 182710 36724710 5527068855 664353676371 
1 606 183315 36907420 5563793565 669880745226 
1 607 183921 37090735 5600700985 675444538791 
1 608 184528 37274656 5637791720 681045239776 
1 609 185136 37459184 5675066376 686683031496 
1 610 185745 37644320 5712525560 692358097872 
1 611 186355 37830065 5750169880 698070623432 
1 612 186966 38016420 5787999945 703820793312 
1 613 187578 38203386 5826016365 709608793257 
1 614 188191 38390964 5864219751 715434809622 
1 615 188805 38579155 5902610715 721299029373 
1 616 189420 38767960 5941189870 727201640088 
1 617 190036 38957380 5979957830 733142829958 
1 618 190653 39147416 6018915210 739122787788 
1 619 191271 39338069 6058062626 745141702998 
1 620 191890 39529340 6097400695 751199765624 
1 621 192510 39721230 6136930035 757297166319 
1 622 193131 39913740 6176651265 763434096354 
1 623 193753 40106871 6216565005 769610747619 
1 624 194376 40300624 6256671876 775827312624 
1 625 195000 40495000 6296972500 782083984500 
1 626 195625 40690000 6337467500 788380957000 
1 627 196251 40885625 6378157500 794718424500 
1 628 196878 41081876 6419043125 801096582000 
1 629 197506 41278754 6460125001 807515625125 
1 630 198135 41476260 6501403755 813975750126 
1 631 198765 41674395 6542880015 820477153881 
1 632 199396 41873160 6584554410 827020033896 
1 633 200028 42072556 6626427570 833604588306 
1 634 200661 42272584 6668500126 840231015876 
1 635 201295 42473245 6710772710 846899516002 
1 636 201930 42674540 6753245955 853610288712 
1 637 202566 42876470 6795920495 860363534667 
1 638 203203 43079036 6838796965 867159455162 
1 639 203841 43282239 6881876001 873998252127 
1 640 204480 43486080 6925158240 880880128128 
1 641 205120 43690560 6968644320 887805286368 
1 642 205761 43895680 7012334880 894773930688 
1 643 206403 44101441 7056230560 901786265568 
1 644 207046 44307844 7100332001 908842496128 
1 645 207690 44514890 7144639845 915942828129 
1 646 208335 44722580 7189154735 923087467974 
1 647 208981 44930915 7233877315 930276622709 
1 648 209628 45139896 7278808230 937510500024 
1 649 210276 45349524 7323948126 944789308254 
1 650 210925 45559800 7369297650 952113256380 
1 651 211575 45770725 7414857450 959482554030 
1 652 212226 45982300 7460628175 966897411480 
1 653 212878 46194526 7506610475 974358039655 
1 654 213531 46407404 7552805001 981864650130 
1 655 214185 46620935 7599212405 989417455131 
1 656 214840 46835120 7645833340 997016667536 
1 657 215496 47049960 7692668460 1004662500876 
1 658 216153 47265456 7739718420 1012355169336 
1 659 216811 47481609 7786983876 1020094887756 
1 660 217470 47698420 7834465485 1027881871632 
1 661 218130 47915890 7882163905 1035716337117 
1 662 218791 48134020 7930079795 1043598501022 
1 663 219453 48352811 7978213815 1051528580817 
1 664 220116 48572264 8026566626 1059506794632 
1 665 220780 48792380 8075138890 1067533361258 
1 666 221445 49013160 8123931270 1075608500148 
1 667 222111 49234605 8172944430 1083732431418 
1 668 222778 49456716 8222179035 1091905375848 
1 669 223446 49679494 8271635751 1100127554883 
1 670 224115 49902940 8321315245 1108399190634 
1 671 224785 50127055 8371218185 1116720505879 
1 672 225456 50351840 8421345240 1125091724064 
1 673 226128 50577296 8471697080 1133513069304 
1 674 226801 50803424 8522274376 1141984766384 
1 675 227475 51030225 8573077800 1150507040760 
1 676 228150 51257700 8624108025 1159080118560 
1 677 228826 51485850 8675365725 1167704226585 
1 678 229503 51714676 8726851575 1176379592310 
1 679 230181 51944179 8778566251 1185106443885 
1 680 230860 52174360 8830510430 1193885010136 
1 681 231540 52405220 8882684790 1202715520566 
1 682 232221 52636760 8935090010 1211598205356 
1 683 232903 52868981 8987726770 1220533295366 
1 684 233586 53101884 9040595751 1229521022136 
1 685 234270 53335470 9093697635 1238561617887 
1 686 234955 53569740 9147033105 1247655315522 
1 687 235641 53804695 9200602845 1256802348627 
1 688 236328 54040336 9254407540 1266002951472 
1 689 237016 54276664 9308447876 1275257359012 
1 690 237705 54513680 9362724540 1284565806888 
1 691 238395 54751385 9417238220 1293928531428 
1 692 239086 54989780 9471989605 1303345769648 
1 693 239778 55228866 9526979385 1312817759253 
1 694 240471 55468644 9582208251 1322344738638 
1 695 241165 55709115 9637676895 1331926946889 
1 696 241860 55950280 9693386010 1341564623784 
1 697 242556 56192140 9749336290 1351258009794 
1 698 243253 56434696 9805528430 1361007346084 
1 699 243951 56677949 9861963126 1370812874514 
1 700 244650 56921900 9918641075 1380674837640 
1 701 245350 57166550 9975562975 1390593478715 
1 702 246051 57411900 10032729525 1400569041690 
1 703 246753 57657951 10090141425 1410601771215 
1 704 247456 57904704 10147799376 1420691912640 
1 705 248160 58152160 10205704080 1430839712016 
1 706 248865 58400320 10263856240 1441045416096 
1 707 249571 58649185 10322256560 1451309272336 
1 708 250278 58898756 10380905745 1461631528896 
1 709 250986 59149034 10439804501 1472012434641 
1 710 251695 59400020 10498953535 1482452239142 
1 711 252405 59651715 10558353555 1492951192677 
1 712 253116 59904120 10618005270 1503509546232 
1 713 253828 60157236 10677909390 1514127551502 
1 714 254541 60411064 10738066626 1524805460892 
1 715 255255 60665605 10798477690 1535543527518 
1 716 255970 60920860 10859143295 1546342005208 
1 717 256686 61176830 10920064155 1557201148503 
1 718 257403 61433516 10981240985 1568121212658 
1 719 258121 61690919 11042674501 1579102453643 
1 720 258840 61949040 11104365420 1590145128144 
1 721 259560 62207880 11166314460 1601249493564 
1 722 260281 62467440 11228522340 1612415808024 
1 723 261003 62727721 11290989780 1623644330364 
1 724 261726 62988724 11353717501 1634935320144 
1 725 262450 63250450 11416706225 1646289037645 
1 726 263175 63512900 11479956675 1657705743870 
1 727 263901 63776075 11543469575 1669185700545 
1 728 264628 64039976 11607245650 1680729170120 
1 729 265356 64304604 11671285626 1692336415770 
1 730 266085 64569960 11735590230 1704007701396 
1 731 266815 64836045 11800160190 1715743291626 
1 732 267546 65102860 11864996235 1727543451816 
1 733 268278 65370406 11930099095 1739408448051 
1 734 269011 65638684 11995469501 1751338547146 
1 735 269745 65907695 12061108185 1763334016647 
1 736 270480 66177440 12127015880 1775395124832 
1 737 271216 66447920 12193193320 1787522140712 
1 738 271953 66719136 12259641240 1799715334032 
1 739 272691 66991089 12326360376 1811974975272 
1 740 273430 67263780 12393351465 1824301335648 
1 741 274170 67537210 12460615245 1836694687113 
1 742 274911 67811380 12528152455 1849155302358 
1 743 275653 68086291 12595963835 1861683454813 
1 744 276396 68361944 12664050126 1874279418648 
1 745 277140 68638340 12732412070 1886943468774 
1 746 277885 68915480 12801050410 1899675880844 
1 747 278631 69193365 12869965890 1912476931254 
1 748 279378 69471996 12939159255 1925346897144 
1 749 280126 69751374 13008631251 1938286056399 
1 750 280875 70031500 13078382625 1951294687650 
1 751 281625 70312375 13148414125 1964373070275 
1 752 282376 70594000 13218726500 1977521484400 
1 753 283128 70876376 13289320500 1990740210900 
1 754 283881 71159504 13360196876 2004029531400 
1 755 284635 71443385 13431356380 2017389728276 
1 756 285390 71728020 13502799765 2030821084656 
1 757 286146 72013410 13574527785 2044323884421 
1 758 286903 72299556 13646541195 2057898412206 
1 759 287661 72586459 13718840751 2071544953401 
1 760 288420 72874120 13791427210 2085263794152 
1 761 289180 73162540 13864301330 2099055221362 
1 762 289941 73451720 13937463870 2112919522692 
1 763 290703 73741661 14010915590 2126856986562 
1 764 291466 74032364 14084657251 2140867902152 
1 765 292230 74323830 14158689615 2154952559403 
1 766 292995 74616060 14233013445 2169111249018 
1 767 293761 74909055 14307629505 2183344262463 
1 768 294528 75202816 14382538560 2197651891968 
1 769 295296 75497344 14457741376 2212034430528 
1 770 296065 75792640 14533238720 2226492171904 
1 771 296835 76088705 14609031360 2241025410624 
1 772 297606 76385540 14685120065 2255634441984 
1 773 298378 76683146 14761505605 2270319562049 
1 774 299151 76981524 14838188751 2285081067654 
1 775 299925 77280675 14915170275 2299919256405 
1 776 300700 77580600 14992450950 2314834426680 
1 777 301476 77881300 15070031550 2329826877630 
1 778 302253 78182776 15147912850 2344896909180 
1 779 303031 78485029 15226095626 2360044822030 
1 780 303810 78788060 15304580655 2375270917656 
1 781 304590 79091870 15383368715 2390575498311 
1 782 305371 79396460 15462460585 2405958867026 
1 783 306153 79701831 15541857045 2421421327611 
1 784 306936 80007984 15621558876 2436963184656 
1 785 307720 80314920 15701566860 2452584743532 
1 786 308505 80622640 15781881780 2468286310392 
1 787 309291 80931145 15862504420 2484068192172 
1 788 310078 81240436 15943435565 2499930696592 
1 789 310866 81550514 16024676001 2515874132157 
1 790 311655 81861380 16106226515 2531898808158 
1 791 312445 82173035 16188087895 2548005034673 
1 792 313236 82485480 16270260930 2564193122568 
1 793 314028 82798716 16352746410 2580463383498 
1 794 314821 83112744 16435545126 2596816129908 
1 795 315615 83427565 16518657870 2613251675034 
1 796 316410 83743180 16602085435 2629770332904 
1 797 317206 84059590 16685828615 2646372418339 
1 798 318003 84376796 16769888205 2663058246954 
1 799 318801 84694799 16854265001 2679828135159 
1 800 319600 85013600 16938959800 2696682400160 
1 801 320400 85333200 17023973400 2713621359960 
1 802 321201 85653600 17109306600 2730645333360 
1 803 322003 85974801 17194960200 2747754639960 
1 804 322806 86296804 17280935001 2764949600160 
1 805 323610 86619610 17367231805 2782230535161 
1 806 324415 86943220 17453851415 2799597766966 
1 807 325221 87267635 17540794635 2817051618381 
1 808 326028 87592856 17628062270 2834592413016 
1 809 326836 87918884 17715655126 2852220475286 
1 810 327645 88245720 17803574010 2869936130412 
1 811 328455 88573365 17891819730 2887739704422 
1 812 329266 88901820 17980393095 2905631524152 
1 813 330078 89231086 18069294915 2923611917247 
1 814 330891 89561164 18158526001 2941681212162 
1 815 331705 89892055 18248087165 2959839738163 
1 816 332520 90223760 18337979220 2978087825328 
1 817 333336 90556280 18428202980 2996425804548 
1 818 334153 90889616 18518759260 3014854007528 
1 819 334971 91223769 18609648876 3033372766788 
1 820 335790 91558740 18700872645 3051982415664 
1 821 336610 91894530 18792431385 3070683288309 
1 822 337431 92231140 18884325915 3089475719694 
1 823 338253 92568571 18976557055 3108360045609 
1 824 339076 92906824 19069125626 3127336602664 
1 825 339900 93245900 19162032450 3146405728290 
1 826 340725 93585800 19255278350 3165567760740 
1 827 341551 93926525 19348864150 3184823039090 
1 828 342378 94268076 19442790675 3204171903240 
1 829 343206 94610454 19537058751 3223614693915 
1 830 344035 94953660 19631669205 3243151752666 
1 831 344865 95297695 19726622865 3262783421871 
1 832 345696 95642560 19821920560 3282510044736 
1 833 346528 95988256 19917563120 3302331965296 
1 834 347361 96334784 20013551376 3322249528416 
1 835 348195 96682145 20109886160 3342263079792 
1 836 349030 97030340 20206568305 3362372965952 
1 837 349866 97379370 20303598645 3382579534257 
1 838 350703 97729236 20400978015 3402883132902 
1 839 351541 98079939 20498707251 3423284110917 
1 840 352380 98431480 20596787190 3443782818168 
1 841 353220 98783860 20695218670 3464379605358 
1 842 354061 99137080 20794002530 3485074824028 
1 843 354903 99491141 20893139610 3505868826558 
1 844 355746 99846044 20992630751 3526761966168 
1 845 356590 100201790 21092476795 3547754596919 
1 846 357435 100558380 21192678585 3568847073714 
1 847 358281 100915815 21293236965 3590039752299 
1 848 359128 101274096 21394152780 3611332989264 
1 849 359976 101633224 21495426876 3632727142044 
1 850 360825 101993200 21597060100 3654222568920 
1 851 361675 102354025 21699053300 3675819629020 
1 852 362526 102715700 21801407325 3697518682320 
1 853 363378 103078226 21904123025 3719320089645 
1 854 364231 103441604 22007201251 3741224212670 
1 855 365085 103805835 22110642855 3763231413921 
1 856 365940 104170920 22214448690 3785342056776 
1 857 366796 104536860 22318619610 3807556505466 
1 858 367653 104903656 22423156470 3829875125076 
1 859 368511 105271309 22528060126 3852298281546 
1 860 369370 105639820 22633331435 3874826341672 
1 861 370230 106009190 22738971255 3897459673107 
1 862 371091 106379420 22844980445 3920198644362 
1 863 371953 106750511 22951359865 3943043624807 
1 864 372816 107122464 23058110376 3965994984672 
1 865 373680 107495280 23165232840 3989053095048 
1 866 374545 107868960 23272728120 4012218327888 
1 867 375411 108243505 23380597080 4035491056008 
1 868 376278 108618916 23488840585 4058871653088 
1 869 377146 108995194 23597459501 4082360493673 
1 870 378015 109372340 23706454695 4105957953174 
1 871 378885 109750355 23815827035 4129664407869 
1 872 379756 110129240 23925577390 4153480234904 
1 873 380628 110508996 24035706630 4177405812294 
1 874 381501 110889624 24146215626 4201441518924 
1 875 382375 111271125 24257105250 4225587734550 
1 876 383250 111653500 24368376375 4249844839800 
1 877 384126 112036750 24480029875 4274213216175 
1 878 385003 112420876 24592066625 4298693246050 
1 879 385881 112805879 24704487501 4323285312675 
1 880 386760 113191760 24817293380 4347989800176 
1 881 387640 113578520 24930485140 4372807093556 
1 882 388521 113966160 25044063660 4397737578696 
1 883 389403 114354681 25158029820 4422781642356 
1 884 390286 114744084 25272384501 4447939672176 
1 885 391170 115134370 25387128585 4473212056677 
1 886 392055 115525540 25502262955 4498599185262 
1 887 392941 115917595 25617788495 4524101448217 
1 888 393828 116310536 25733706090 4549719236712 
1 889 394716 116704364 25850016626 4575452942802 
1 890 395605 117099080 25966720990 4601302959428 
1 891 396495 117494685 26083820070 4627269680418 
1 892 397386 117891180 26201314755 4653353500488 
1 893 398278 118288566 26319205935 4679554815243 
1 894 399171 118686844 26437494501 4705874021178 
1 895 400065 119086015 26556181345 4732311515679 
1 896 400960 119486080 26675267360 4758867697024 
1 897 401856 119887040 26794753440 4785542964384 
1 898 402753 120288896 26914640480 4812337717824 
1 899 403651 120691649 27034929376 4839252358304 
1 900 404550 121095300 27155621025 4866287287680 
1 901 405450 121499850 27276716325 4893442908705 
1 902 406351 121905300 27398216175 4920719625030 
1 903 407253 122311651 27520121475 4948117841205 
1 904 408156 122718904 27642433126 4975637962680 
1 905 409060 123127060 27765152030 5003280395806 
1 906 409965 123536120 27888279090 5031045547836 
1 907 410871 123946085 28011815210 5058933826926 
1 908 411778 124356956 28135761295 5086945642136 
1 909 412686 124768734 28260118251 5115081403431 
1 910 413595 125181420 28384886985 5143341521682 
1 911 414505 125595015 28510068405 5171726408667 
1 912 415416 126009520 28635663420 5200236477072 
1 913 416328 126424936 28761672940 5228872140492 
1 914 417241 126841264 28888097876 5257633813432 
1 915 418155 127258505 29014939140 5286521911308 
1 916 419070 127676660 29142197645 5315536850448 
1 917 419986 128095730 29269874305 5344679048093 
1 918 420903 128515716 29397970035 5373948922398 
1 919 421821 128936619 29526485751 5403346892433 
1 920 422740 129358440 29655422370 5432873378184 
1 921 423660 129781180 29784780810 5462528800554 
1 922 424581 130204840 29914561990 5492313581364 
1 923 425503 130629421 30044766830 5522228143354 
1 924 426426 131054924 30175396251 5552272910184 
1 925 427350 131481350 30306451175 5582448306435 
1 926 428275 131908700 30437932525 5612754757610 
1 927 429201 132336975 30569841225 5643192690135 
1 928 430128 132766176 30702178200 5673762531360 
1 929 431056 133196304 30834944376 5704464709560 
1 930 431985 133627360 30968140680 5735299653936 
1 931 432915 134059345 31101768040 5766267794616 
1 932 433846 134492260 31235827385 5797369562656 
1 933 434778 134926106 31370319645 5828605390041 
1 934 435711 135360884 31505245751 5859975709686 
1 935 436645 135796595 31640606635 5891480955437 
1 936 437580 136233240 31776403230 5923121562072 
1 937 438516 136670820 31912636470 5954897965302 
1 938 439453 137109336 32049307290 5986810601772 
1 939 440391 137548789 32186416626 6018859909062 
1 940 441330 137989180 32323965415 6051046325688 
1 941 442270 138430510 32461954595 6083370291103 
1 942 443211 138872780 32600385105 6115832245698 
1 943 444153 139315991 32739257885 6148432630803 
1 944 445096 139760144 32878573876 6181171888688 
1 945 446040 140205240 33018334020 6214050462564 
1 946 446985 140651280 33158539260 6247068796584 
1 947 447931 141098265 33299190540 6280227335844 
1 948 448878 141546196 33440288805 6313526526384 
1 949 449826 141995074 33581835001 6346966815189 
1 950 450775 142444900 33723830075 6380548650190 
1 951 451725 142895675 33866274975 6414272480265 
1 952 452676 143347400 34009170650 6448138755240 
1 953 453628 143800076 34152518050 6482147925890 
1 954 454581 144253704 34296318126 6516300443940 
1 955 455535 144708285 34440571830 6550596762066 
1 956 456490 145163820 34585280115 6585037333896 
1 957 457446 145620310 34730443935 6619622614011 
1 958 458403 146077756 34876064245 6654353057946 
1 959 459361 146536159 35022142001 6689229122191 
1 960 460320 146995520 35168678160 6724251264192 
1 961 461280 147455840 35315673680 6759419942352 
1 962 462241 147917120 35463129520 6794735616032 
1 963 463203 148379361 35611046640 6830198745552 
1 964 464166 148842564 35759426001 6865809792192 
1 965 465130 149306730 35908268565 6901569218193 
1 966 466095 149771860 36057575295 6937477486758 
1 967 467061 150237955 36207347155 6973535062053 
1 968 468028 150705016 36357585110 7009742409208 
1 969 468996 151173044 36508290126 7046099994318 
1 970 469965 151642040 36659463170 7082608284444 
1 971 470935 152112005 36811105210 7119267747614 
1 972 471906 152582940 36963217215 7156078852824 
1 973 472878 153054846 37115800155 7193042070039 
1 974 473851 153527724 37268855001 7230157870194 
1 975 474825 154001575 37422382725 7267426725195 
1 976 475800 154476400 37576384300 7304849107920 
1 977 476776 154952200 37730860700 7342425492220 
1 978 477753 155428976 37885812900 7380156352920 
1 979 478731 155906729 38041241876 7418042165820 
1 980 479710 156385460 38197148605 7456083407696 
1 981 480690 156865170 38353534065 7494280556301 
1 982 481671 157345860 38510399235 7532634090366 
1 983 482653 157827531 38667745095 7571144489601 
1 984 483636 158310184 38825572626 7609812234696 
1 985 484620 158793820 38983882810 7648637807322 
1 986 485605 159278440 39142676630 7687621690132 
1 987 486591 159764045 39301955070 7726764366762 
1 988 487578 160250636 39461719115 7766066321832 
1 989 488566 160738214 39621969751 7805528040947 
1 990 489555 161226780 39782707965 7845150010698 
1 991 490545 161716335 39943934745 7884932718663 
1 992 491536 162206880 40105651080 7924876653408 
1 993 492528 162698416 40267857960 7964982304488 
1 994 493521 163190944 40430556376 8005250162448 
1 995 494515 163684465 40593747320 8045680718824 
1 996 495510 164178980 40757431785 8086274466144 
1 997 496506 164674490 40921610765 8127031897929 
1 998 497503 165170996 41086285255 8167953508694 
1 999 498501 165668499 41251456251 8209039793949 
1 1000 499500 166167000 41417124750 8250291250200 
