1 0 0 0 0 0 0 0 0 0 0 
1 1 0 0 0 0 0 0 0 0 0 
1 2 1 0 0 0 0 0 0 0 0 
1 3 3 1 0 0 0 0 0 0 0 
1 4 6 4 1 0 0 0 0 0 0 
1 5 10 10 5 1 0 0 0 0 0 
1 6 15 20 15 6 1 0 0 0 0 
1 7 21 35 35 21 7 1 0 0 0 
1 8 28 56 70 56 28 8 1 0 0 
1 9 36 84 126 126 84 36 9 1 0 
1 10 45 120 210 252 210 120 45 10 1 
1 11 55 165 330 462 462 330 165 55 11 
1 12 66 220 495 792 924 792 495 220 66 
1 13 78 286 715 1287 1716 1716 1287 715 286 
1 14 91 364 1001 2002 3003 3432 3003 2002 1001 
1 15 105 455 1365 3003 5005 6435 6435 5005 3003 
1 16 120 560 1820 4368 8008 11440 12870 11440 8008 
1 17 136 680 2380 6188 12376 19448 24310 24310 19448 
1 18 153 816 3060 8568 18564 31824 43758 48620 43758 
1 19 171 969 3876 11628 27132 50388 75582 92378 92378 
1 20 190 1140 4845 15504 38760 77520 125970 167960 184756 
1 21 210 1330 5985 20349 54264 116280 203490 293930 352716 
1 22 231 1540 7315 26334 74613 170544 319770 497420 646646 
1 23 253 1771 8855 33649 100947 245157 490314 817190 1144066 
1 24 276 2024 10626 42504 134596 346104 735471 1307504 1961256 
1 25 300 2300 12650 53130 177100 480700 1081575 2042975 3268760 
1 26 325 2600 14950 65780 230230 657800 1562275 3124550 5311735 
1 27 351 2925 17550 80730 296010 888030 2220075 4686825 8436285 
1 28 378 3276 20475 98280 376740 1184040 3108105 6906900 13123110 
1 29 406 3654 23751 118755 475020 1560780 4292145 10015005 20030010 
1 30 435 4060 27405 142506 593775 2035800 5852925 14307150 30045015 
1 31 465 4495 31465 169911 736281 2629575 7888725 20160075 44352165 
1 32 496 4960 35960 201376 906192 3365856 10518300 28048800 64512240 
1 33 528 5456 40920 237336 1107568 4272048 13884156 38567100 92561040 
1 34 561 5984 46376 278256 1344904 5379616 18156204 52451256 131128140 
1 35 595 6545 52360 324632 1623160 6724520 23535820 70607460 183579396 
1 36 630 7140 58905 376992 1947792 8347680 30260340 94143280 254186856 
1 37 666 7770 66045 435897 2324784 10295472 38608020 124403620 348330136 
1 38 703 8436 73815 501942 2760681 12620256 48903492 163011640 472733756 
1 39 741 9139 82251 575757 3262623 15380937 61523748 211915132 635745396 
1 40 780 9880 91390 658008 3838380 18643560 76904685 273438880 847660528 
1 41 820 10660 101270 749398 4496388 22481940 95548245 350343565 1121099408 
1 42 861 11480 111930 850668 5245786 26978328 118030185 445891810 1471442973 
1 43 903 12341 123410 962598 6096454 32224114 145008513 563921995 1917334783 
1 44 946 13244 135751 1086008 7059052 38320568 177232627 708930508 2481256778 
1 45 990 14190 148995 1221759 8145060 45379620 215553195 886163135 3190187286 
1 46 1035 15180 163185 1370754 9366819 53524680 260932815 1101716330 4076350421 
1 47 1081 16215 178365 1533939 10737573 62891499 314457495 1362649145 5178066751 
1 48 1128 17296 194580 1712304 12271512 73629072 377348994 1677106640 6540715896 
1 49 1176 18424 211876 1906884 13983816 85900584 450978066 2054455634 8217822536 
1 50 1225 19600 230300 2118760 15890700 99884400 536878650 2505433700 10272278170 
1 51 1275 20825 249900 2349060 18009460 115775100 636763050 3042312350 12777711870 
1 52 1326 22100 270725 2598960 20358520 133784560 752538150 3679075400 15820024220 
1 53 1378 23426 292825 2869685 22957480 154143080 886322710 4431613550 19499099620 
1 54 1431 24804 316251 3162510 25827165 177100560 1040465790 5317936260 23930713170 
1 55 1485 26235 341055 3478761 28989675 202927725 1217566350 6358402050 29248649430 
1 56 1540 27720 367290 3819816 32468436 231917400 1420494075 7575968400 35607051480 
1 57 1596 29260 395010 4187106 36288252 264385836 1652411475 8996462475 43183019880 
1 58 1653 30856 424270 4582116 40475358 300674088 1916797311 10648873950 52179482355 
1 59 1711 32509 455126 5006386 45057474 341149446 2217471399 12565671261 62828356305 
1 60 1770 34220 487635 5461512 50063860 386206920 2558620845 14783142660 75394027566 
1 61 1830 35990 521855 5949147 55525372 436270780 2944827765 17341763505 90177170226 
1 62 1891 37820 557845 6471002 61474519 491796152 3381098545 20286591270 107518933731 
1 63 1953 39711 595665 7028847 67945521 553270671 3872894697 23667689815 127805525001 
1 64 2016 41664 635376 7624512 74974368 621216192 4426165368 27540584512 151473214816 
1 65 2080 43680 677040 8259888 82598880 696190560 5047381560 31966749880 179013799328 
1 66 2145 45760 720720 8936928 90858768 778789440 5743572120 37014131440 210980549208 
1 67 2211 47905 766480 9657648 99795696 869648208 6522361560 42757703560 247994680648 
1 68 2278 50116 814385 10424128 109453344 969443904 7392009768 49280065120 290752384208 
1 69 2346 52394 864501 11238513 119877472 1078897248 8361453672 56672074888 340032449328 
1 70 2415 54740 916895 12103014 131115985 1198774720 9440350920 65033528560 396704524216 
1 71 2485 57155 971635 13019909 143218999 1329890705 10639125640 74473879480 461738052776 
1 72 2556 59640 1028790 13991544 156238908 1473109704 11969016345 85113005120 536211932256 
1 73 2628 62196 1088430 15020334 170230452 1629348612 13442126049 97082021465 621324937376 
1 74 2701 64824 1150626 16108764 185250786 1799579064 15071474661 110524147514 718406958841 
1 75 2775 67525 1215450 17259390 201359550 1984829850 16871053725 125595622175 828931106355 
1 76 2850 70300 1282975 18474840 218618940 2186189400 18855883575 142466675900 954526728530 
1 77 2926 73150 1353275 19757815 237093780 2404808340 21042072975 161322559475 1096993404430 
1 78 3003 76076 1426425 21111090 256851595 2641902120 23446881315 182364632450 1258315963905 
1 79 3081 79079 1502501 22537515 277962685 2898753715 26088783435 205811513765 1440680596355 
1 80 3160 82160 1581580 24040016 300500200 3176716400 28987537150 231900297200 1646492110120 
1 81 3240 85320 1663740 25621596 324540216 3477216600 32164253550 260887834350 1878392407320 
1 82 3321 88560 1749060 27285336 350161812 3801756816 35641470150 293052087900 2139280241670 
1 83 3403 91881 1837620 29034396 377447148 4151918628 39443226966 328693558050 2432332329570 
1 84 3486 95284 1929501 30872016 406481544 4529365776 43595145594 368136785016 2761025887620 
1 85 3570 98770 2024785 32801517 437353560 4935847320 48124511370 411731930610 3129162672636 
1 86 3655 102340 2123555 34826302 470155077 5373200880 53060358690 459856441980 3540894603246 
1 87 3741 105995 2225895 36949857 504981379 5843355957 58433559570 512916800670 4000751045226 
1 88 3828 109736 2331890 39175752 541931236 6348337336 64276915527 571350360240 4513667845896 
1 89 3916 113564 2441626 41507642 581106988 6890268572 70625252863 635627275767 5085018206136 
1 90 4005 117480 2555190 43949268 622614630 7471375560 77515521435 706252528630 5720645481903 
1 91 4095 121485 2672670 46504458 666563898 8093990190 84986896995 783768050065 6426898010533 
1 92 4186 125580 2794155 49177128 713068356 8760554088 93080887185 868754947060 7210666060598 
1 93 4278 129766 2919735 51971283 762245484 9473622444 101841441273 961835834245 8079421007658 
1 94 4371 134044 3049501 54891018 814216767 10235867928 111315063717 1063677275518 9041256841903 
1 95 4465 138415 3183545 57940519 869107785 11050084695 121550931645 1174992339235 10104934117421 
1 96 4560 142880 3321960 61124064 927048304 11919192480 132601016340 1296543270880 11279926456656 
1 97 4656 147440 3464840 64446024 988172368 12846240784 144520208820 1429144287220 12576469727536 
1 98 4753 152096 3612280 67910864 1052618392 13834413152 157366449604 1573664496040 14005614014756 
1 99 4851 156849 3764376 71523144 1120529256 14887031544 171200862756 1731030945644 15579278510796 
1 100 4950 161700 3921225 75287520 1192052400 16007560800 186087894300 1902231808400 17310309456440 
1 101 5050 166650 4082925 79208745 1267339920 17199613200 202095455100 2088319702700 19212541264840 
1 102 5151 171700 4249575 83291670 1346548665 18466953120 219295068300 2290415157800 21300860967540 
1 103 5253 176851 4421275 87541245 1429840335 19813501785 237762021420 2509710226100 23591276125340 
1 104 5356 182104 4598126 91962520 1517381580 21243342120 257575523205 2747472247520 26100986351440 
1 105 5460 187460 4780230 96560646 1609344100 22760723700 278818865325 3005047770725 28848458598960 
1 106 5565 192920 4967690 101340876 1705904746 24370067800 301579589025 3283866636050 31853506369685 
1 107 5671 198485 5160610 106308566 1807245622 26075972546 325949656825 3585446225075 35137373005735 
1 108 5778 204156 5359095 111469176 1913554188 27883218168 352025629371 3911395881900 38722819230810 
1 109 5886 209934 5563251 116828271 2025023364 29796772356 379908847539 4263421511271 42634215112710 
1 110 5995 215820 5773185 122391522 2141851635 31821795720 409705619895 4643330358810 46897636623981 
1 111 6105 221815 5989005 128164707 2264243157 33963647355 441527415615 5053035978705 51540966982791 
1 112 6216 227920 6210820 134153712 2392407864 36227890512 475491062970 5494563394320 56594002961496 
1 113 6328 234136 6438740 140364532 2526561576 38620298376 511718953482 5970054457290 62088566355816 
1 114 6441 240464 6672876 146803272 2666926108 41146859952 550339251858 6481773410772 68058620813106 
1 115 6555 246905 6913340 153476148 2813729380 43813786060 591486111810 7032112662630 74540394223878 
1 116 6670 253460 7160245 160389488 2967205528 46627515440 635299897870 7623598774440 81572506886508 
1 117 6786 260130 7413705 167549733 3127595016 49594720968 681927413310 8258898672310 89196105660948 
1 118 6903 266916 7673835 174963438 3295144749 52722315984 731522134278 8940826085620 97455004333258 
1 119 7021 273819 7940751 182637273 3470108187 56017460733 784244450262 9672348219898 106395830418878 
1 120 7140 280840 8214570 190578024 3652745460 59487568920 840261910995 10456592670160 116068178638776 
1 121 7260 287980 8495410 198792594 3843323484 63140314380 899749479915 11296854581155 126524771308936 
1 122 7381 295240 8783390 207288004 4042116078 66983637864 962889794295 12196604061070 137821625890091 
1 123 7503 302621 9078630 216071394 4249404082 71025753942 1029873432159 13159493855365 150018229951161 
1 124 7626 310124 9381251 225150024 4465475476 75275158024 1100899186101 14189367287524 163177723806526 
1 125 7750 317750 9691375 234531275 4690625500 79740633500 1176174344125 15290266473625 177367091094050 
1 126 7875 325500 10009125 244222650 4925156775 84431259000 1255914977625 16466440817750 192657357567675 
1 127 8001 333375 10334625 254231775 5169379425 89356415775 1340346236625 17722355795375 209123798385425 
1 128 8128 341376 10668000 264566400 5423611200 94525795200 1429702652400 19062702032000 226846154180800 
1 129 8256 349504 11009376 275234400 5688177600 99949406400 1524228447600 20492404684400 245908856212800 
1 130 8385 357760 11358880 286243776 5963412000 105637584000 1624177854000 22016633132000 266401260897200 
1 131 8515 366145 11716640 297602656 6249655776 111600996000 1729815438000 23640810986000 288417894029200 
1 132 8646 374660 12082785 309319296 6547258432 117850651776 1841416434000 25370626424000 312058705015200 
1 133 8778 383306 12457445 321402081 6856577728 124397910208 1959267085776 27212042858000 337429331439200 
1 134 8911 392084 12840751 333859526 7177979809 131254487936 2083664995984 29171309943776 364641374297200 
1 135 9045 400995 13232835 346700277 7511839335 138432467745 2214919483920 31254974939760 393812684240976 
1 136 9180 410040 13633830 359933112 7858539612 145944307080 2353351951665 33469894423680 425067659180736 
1 137 9316 419220 14043870 373566942 8218472724 153802846692 2499296258745 35823246375345 458537553604416 
1 138 9453 428536 14463090 387610812 8592039666 162021319416 2653099105437 38322542634090 494360799979761 
1 139 9591 437989 14891626 402073902 8979650478 170613359082 2815120424853 40975641739527 532683342613851 
1 140 9730 447580 15329615 416965528 9381724380 179593009560 2985733783935 43790762164380 573658984353378 
1 141 9870 457310 15777195 432295143 9798689908 188974733940 3165326793495 46776495948315 617449746517758 
1 142 10011 467180 16234505 448072338 10230985051 198773423848 3354301527435 49941822741810 664226242466073 
1 143 10153 477191 16701685 464306843 10679057389 209004408899 3553074951283 53296124269245 714168065207883 
1 144 10296 487344 17178876 481008528 11143364232 219683466288 3762079360182 56849199220528 767464189477128 
1 145 10440 497640 17666220 498187404 11624372760 230826830520 3981762826470 60611278580710 824313388697656 
1 146 10585 508080 18163860 515853624 12122560164 242451203280 4212589656990 64593041407180 884924667278366 
1 147 10731 518665 18671940 534017484 12638413788 254573763444 4455040860270 68805631064170 949517708685546 
1 148 10878 529396 19190605 552689424 13172431272 267212177232 4709614623714 73260671924440 1018323339749716 
1 149 11026 540274 19720001 571880029 13725120696 280384608504 4976826800946 77970286548154 1091584011674156 
1 150 11175 551300 20260275 591600030 14297000725 294109729200 5257211409450 82947113349100 1169554298222310 
1 151 11325 562475 20811575 611860305 14888600755 308406729925 5551321138650 88204324758550 1252501411571410 
1 152 11476 573800 21374050 632671880 15500461060 323295330680 5859727868575 93755645897200 1340705736329960 
1 153 11628 585276 21947850 654045930 16133132940 338795791740 6183023199255 99615373765775 1434461382227160 
1 154 11781 596904 22533126 675993780 16787178870 354928924680 6521818990995 105798396965030 1534076755992935 
1 155 11935 608685 23130030 698526906 17463172650 371716103550 6876747915675 112320215956025 1639875152957965 
1 156 12090 620620 23738715 721656936 18161699556 389179276200 7248464019225 119196963871700 1752195368913990 
1 157 12246 632710 24359335 745395651 18883356492 407340975756 7637643295425 126445427890925 1871392332785690 
1 158 12403 644956 24992045 769754986 19628752143 426224332248 8044984271181 134083071186350 1997837760676615 
1 159 12561 657359 25637001 794747031 20398507129 445853084391 8471208603429 142128055457531 2131920831862965 
1 160 12720 669920 26294360 820384032 21193254160 466251591520 8917061687820 150599264060960 2274048887320496 
1 161 12880 682640 26964280 846678392 22013638192 487444845680 9383313279340 159516325748780 2424648151381456 
1 162 13041 695520 27646920 873642672 22860316584 509458483872 9870758125020 168899639028120 2584164477130236 
1 163 13203 708561 28342440 901289592 23733959256 532318800456 10380216608892 178770397153140 2753064116158356 
1 164 13366 721764 29051001 929632032 24635248848 556052759712 10912535409348 189150613762032 2931834513311496 
1 165 13530 735130 29772765 958683033 25564880880 580688008560 11468588169060 200063149171380 3120985127073528 
1 166 13695 748660 30507895 988455798 26523563913 606252889440 12049276177620 211531737340440 3321048276244908 
1 167 13861 762355 31256555 1018963693 27512019711 632776453353 12655529067060 223581013518060 3532580013585348 
1 168 14028 776216 32018910 1050220248 28530983404 660288473064 13288305520413 236236542585120 3756161027103408 
1 169 14196 790244 32795126 1082239158 29581203652 688819456468 13948593993477 249524848105533 3992397569688528 
1 170 14365 804440 33585370 1115034284 30663442810 718400660120 14637413449945 263473442099010 4241922417794061 
1 171 14535 818805 34389810 1148619654 31778477094 749064102930 15355814110065 278110855548955 4505395859893071 
1 172 14706 833340 35208615 1183009464 32927096748 780842580024 16104878212995 293466669659020 4783506715442026 
1 173 14878 848046 36041955 1218218079 34110106212 813769676772 16885720793019 309571547872015 5076973385101046 
1 174 15051 862924 36890001 1254260034 35328324291 847879782984 17699490469791 326457268665034 5386544932973061 
1 175 15225 877975 37752925 1291150035 36582584325 883208107275 18547370252775 344156759134825 5713002201638095 
1 176 15400 893200 38630900 1328902960 37873734360 919790691600 19430578360050 362704129387600 6057158960772920 
1 177 15576 908600 39524100 1367533860 39202637320 957664425960 20350369051650 382134707747650 6419863090160520 
1 178 15753 924176 40432700 1407057960 40570171180 996867063280 21308033477610 402485076799300 6801997797908170 
1 179 15931 939929 41356876 1447490660 41977229140 1037437234460 22304900540890 423793110276910 7204482874707470 
1 180 16110 955860 42296805 1488847536 43424719800 1079414463600 23342337775350 446098010817800 7628275984984380 
1 181 16290 971970 43252665 1531144341 44913567336 1122839183400 24421752238950 469440348593150 8074373995802180 
1 182 16471 988260 44224635 1574397006 46444711677 1167752750736 25544591422350 493862100832100 8543814344395330 
1 183 16653 1004731 45212895 1618621641 48019108683 1214197462413 26712344173086 519406692254450 9037676445227430 
1 184 16836 1021384 46217626 1663834536 49637730324 1262216571096 27926541635499 546119036427536 9557083137481880 
1 185 17020 1038220 47239010 1710052162 51301564860 1311854301420 29188758206595 574045578063035 10103202173909416 
1 186 17205 1055240 48277230 1757291172 53011617022 1363155866280 30500612508015 603234336269630 10677247751972451 
1 187 17391 1072445 49332470 1805568402 54768908194 1416167483302 31863768374295 633734948777645 11280482088242081 
1 188 17578 1089836 50404915 1854900872 56574476596 1470936391496 33279935857597 665598717151940 11914217037019726 
1 189 17766 1107414 51494751 1905305787 58429377468 1527510868092 34750872249093 698878653009537 12579815754171666 
1 190 17955 1125180 52602165 1956800538 60334683255 1585940245560 36278383117185 733629525258630 13278694407181203 
1 191 18145 1143135 53727345 2009402703 62291483793 1646274928815 37864323362745 769907908375815 14012323932439833 
1 192 18336 1161280 54870480 2063130048 64300886496 1708566412608 39510598291560 807772231738560 14782231840815648 
1 193 18528 1179616 56031760 2118000528 66364016544 1772867299104 41219164704168 847282830030120 15590004072554208 
1 194 18721 1198144 57211376 2174032288 68482017072 1839231315648 42992032003272 888501994734288 16437286902584328 
1 195 18915 1216865 58409520 2231243664 70656049360 1907713332720 44831263318920 931494026737560 17325788897318616 
1 196 19110 1235780 59626385 2289653184 72887293024 1978369382080 46738976651640 976325290056480 18257282924056176 
1 197 19306 1254890 60862165 2349279569 75176946208 2051256675104 48717346033720 1023064266708120 19233608214112656 
1 198 19503 1274196 62117055 2410141734 77526225777 2126433621312 50768602708824 1071781612741840 20256672480820776 
1 199 19701 1293699 63391251 2472258789 79936367511 2203959847089 52895036330136 1122550215450664 21328454093562616 
1 200 19900 1313400 64684950 2535650040 82408626300 2283896214600 55098996177225 1175445251780800 22451004309013280 
1 201 20100 1333300 65998350 2600334990 84944276340 2366304840900 57382892391825 1230544247958025 23626449560794080 
1 202 20301 1353400 67331650 2666333340 87544611330 2451249117240 59749197232725 1287927140349850 24856993808752105 
1 203 20503 1373701 68685050 2733664990 90210944670 2538793728570 62200446349965 1347676337582575 26144920949101955 
1 204 20706 1394204 70058751 2802350040 92944609660 2629004673240 64739240078535 1409876783932540 27492597286684530 
1 205 20910 1414910 71452955 2872408791 95746959700 2721949282900 67368244751775 1474616024011075 28902474070617070 
1 206 21115 1435820 72867865 2943861746 98619368491 2817696242600 70090194034675 1541984268762850 30377090094628145 
1 207 21321 1456935 74303685 3016729611 101563230237 2916315611091 72907890277275 1612074462797525 31919074363390995 
1 208 21528 1478256 75760620 3091033296 104579959848 3017878841328 75824205888366 1684982353074800 33531148826188520 
1 209 21736 1499784 77238876 3166793916 107670993144 3122458801176 78842084729694 1760806558963166 35216131179263320 
1 210 21945 1521520 78738660 3244032792 110837787060 3230129794320 81964543530870 1839648643692860 36976937738226486 
1 211 22155 1543465 80260180 3322771452 114081819852 3340967581380 85194673325190 1921613187223730 38816586381919346 
1 212 22366 1565620 81803645 3403031632 117404591304 3455049401232 88535640906570 2006807860548920 40738199569143076 
1 213 22578 1587986 83369265 3484835277 120807622936 3572453992536 91990690307802 2095343501455490 42745007429691996 
1 214 22791 1610564 84957251 3568204542 124292458213 3693261615472 95563144300338 2187334191763292 44840350931147486 
1 215 23005 1633355 86567815 3653161793 127860662755 3817554073685 99256405915810 2282897336063630 47027685122910778 
1 216 23220 1656360 88201170 3739729608 131513824548 3945414736440 103073959989495 2382153741979440 49310582458974408 
1 217 23436 1679580 89857530 3827930778 135253554156 4076928560988 107019374725935 2485227701968935 51692736200953848 
1 218 23653 1703016 91537110 3917788308 139081484934 4212182115144 111096303286923 2592247076694870 54177963902922783 
1 219 23871 1726669 93240126 4009325418 142999273242 4351263600078 115308485402067 2703343379981793 56770210979617653 
1 220 24090 1750540 94966795 4102565544 147008598660 4494262873320 119659749002145 2818651865383860 59473554359599446 
1 221 24310 1774630 96717335 4197532339 151111164204 4641271471980 124154011875465 2938311614386005 62292206224983306 
1 222 24531 1798940 98491965 4294249674 155308696543 4792382636184 128795283347445 3062465626261470 65230517839369311 
1 223 24753 1823471 100290905 4392741639 159602946217 4947691332727 133587665983629 3191260909608915 68292983465630781 
1 224 24976 1848224 102114376 4493032544 163995687856 5107294278944 138535357316356 3324848575592544 71484244375239696 
1 225 25200 1873200 103962600 4595146920 168488720400 5271289966800 143642651595300 3463383932908900 74809092950832240 
1 226 25425 1898400 105835800 4699109520 173083867320 5439778687200 148913941562100 3607026584504200 78272476883741140 
1 227 25651 1923825 107734200 4804945320 177782976840 5612862554520 154353720249300 3755940526066300 81879503468245340 
1 228 25878 1949476 109658025 4912679520 182587922160 5790645531360 159966582803820 3910294246315600 85635443994311640 
1 229 26106 1975354 111607501 5022337545 187500601680 5973233453520 165757228335180 4070260829119420 89545738240627240 
1 230 26335 2001460 113582855 5133945046 192522939225 6160734055200 171730461788700 4236018057454600 93615999069746660 
1 231 26565 2027795 115584315 5247527901 197656884271 6353256994425 177891195843900 4407748519243300 97852017127201260 
1 232 26796 2054360 117612110 5363112216 202904412172 6550913878696 184244452838325 4585639715087200 102259765646444560 
1 233 27028 2081156 119666470 5480724326 208267524388 6753818290868 190795366717021 4769884167925525 106845405361531760 
1 234 27261 2108184 121747626 5600390796 213748248714 6962085815256 197549185007889 4960679534642546 111615289529457285 
1 235 27495 2135445 123855810 5722138422 219348639510 7175834063970 204511270823145 5158228719650435 116575969064099831 
1 236 27730 2162940 125991255 5845994232 225070777932 7395182703480 211687104887115 5362739990473580 121734197783750266 
1 237 27966 2190670 128154195 5971985487 230916772164 7620253481412 219082287590595 5574427095360695 127096937774223846 
1 238 28203 2218636 130344865 6100139682 236888757651 7851170253576 226702541072007 5793509382951290 132671364869584541 
1 239 28441 2246839 132563501 6230484547 242988897333 8088059011227 234553711325583 6020211924023297 138464874252535831 
1 240 28680 2275280 134810340 6363048048 249219381880 8331047908560 242641770336810 6254765635348880 144485086176559128 
1 241 28920 2303960 137085620 6497858388 255582429928 8580267290440 250972818245370 6497407405685690 150739851811908008 
1 242 29161 2332880 139389580 6634944008 262080288316 8835849720368 259553085535810 6748380223931060 157237259217593698 
1 243 29403 2362041 141722460 6774333588 268715232324 9097930008684 268388935256178 7007933309466870 163985639441524758 
1 244 29646 2391444 144084501 6916056048 275489565912 9366645241008 277486865264862 7276322244723048 170993572750991628 
1 245 29890 2421090 146475945 7060140549 282405621960 9642134806920 286853510505870 7553809109987910 178269894995714676 
1 246 30135 2450980 148897035 7206616494 289465762509 9924540428880 296495645312790 7840662620493780 185823704105702586 
1 247 30381 2481115 151348015 7355513529 296672379003 10214006191389 306420185741670 8137158265806570 193664366726196366 
1 248 30628 2511496 153829130 7506861544 304027892532 10510678570392 316634191933059 8443578451548240 201801524992002936 
1 249 30876 2542124 156340626 7660690674 311534754076 10814706462924 327144870503451 8760212643481299 210245103443551176 
1 250 31125 2573000 158882750 7817031300 319195444750 11126241217000 337959576966375 9087357513984750 219005316087032475 
1 251 31375 2604125 161455750 7975914050 327012476050 11445436661750 349085818183375 9425317090951125 228092673601017225 
1 252 31626 2635500 164059875 8137369800 334988390100 11772449137800 360531254845125 9774402909134500 237517990691968350 
1 253 31878 2667126 166695375 8301429675 343125759900 12107437527900 372303703982925 10134934163979625 247292393601102850 
1 254 32131 2699004 169362501 8468125050 351427189575 12450563287800 384411141510825 10507237867962550 257427327765082475 
1 255 32385 2731135 172061505 8637487551 359895314625 12801990477375 396861704798625 10891649009473375 267934565633045025 
1 256 32640 2763520 174792640 8809549056 368532802176 13161885792000 409663695276000 11288510714272000 278826214642518400 
1 257 32896 2796160 177556160 8984341696 377342351232 13530418594176 422825581068000 11698174409548000 290114725356790400 
1 258 33153 2829056 180352320 9161897856 386326692928 13907760945408 436355999662176 12120999990616000 301812899766338400 
1 259 33411 2862209 183181376 9342250176 395488590784 14294087638336 450263760607584 12557355990278176 313933899756954400 
1 260 33670 2895620 186043585 9525431552 404830840960 14689576229120 464557848245920 13007619750885760 326491255747232576 
1 261 33930 2929290 188939205 9711475137 414356272512 15094407070080 479247424475040 13472177599131680 339498875498118336 
1 262 34191 2963220 191868495 9900414342 424067747649 15508763342592 494341831545120 13951425023606720 352971053097250016 
1 263 34453 2997411 194831715 10092282837 433968161991 15932831090241 509850594887712 14445766855151840 366922478120856736 
1 264 34716 3031864 197829126 10287114552 444060444828 16366799252232 525783425977953 14955617450039552 381368244976008576 
1 265 34980 3066580 200860990 10484943678 454347559380 16810859697060 542150225230185 15481400876017505 396323862426048128 
1 266 35245 3101560 203927570 10685804668 464832503058 17265207256440 558961084927245 16023551101247690 411805263302065633 
1 267 35511 3136805 207029130 10889732238 475518307726 17730039759498 576226292183685 16582512186174935 427828814403313323 
1 268 35778 3172316 210165935 11096761368 486408039964 18205558067224 593956331943183 17158738478358620 444411326589488258 
1 269 36046 3208094 213338251 11306927303 497504801332 18691966107188 612161890010407 17752694810301803 461570065067846878 
1 270 36315 3244140 216546345 11520265554 508811728635 19189470908520 630853856117595 18364856700312210 479322759878148681 
1 271 36585 3280455 219790485 11736811899 520331994189 19698282637155 650043327026115 18995710556429805 497687616578460891 
1 272 36856 3317040 223070940 11956602384 532068806088 20218614631344 669741609663270 19645753883455920 516683327134890696 
1 273 37128 3353896 226387980 12179673324 544025408472 20750683437432 689960224294614 20315495493119190 536329081018346616 
1 274 37401 3391024 229741876 12406061304 556205081796 21294708845904 710710907732046 21005455717413804 556644576511465806 
1 275 37675 3428425 233132900 12635803180 568611143100 21850913927700 732005616577950 21716166625145850 577650032228879610 
1 276 37950 3466100 236561325 12868936080 581246946280 22419525070800 753856530505650 22448172241723800 599366198854025460 
1 277 38226 3504050 240027425 13105497405 594115882360 23000772017080 776276055576450 23202028772229450 621814371095749260 
1 278 38503 3542276 243531475 13345524830 607221379765 23594887899440 799276827593530 23978304827805900 645016399867978710 
1 279 38781 3580779 247073751 13589056305 620566904595 24202109279205 822871715492970 24777581655399430 668994704695784610 
1 280 39060 3619560 250654530 13836130056 634155960900 24822676183800 847073824772175 25600453370892400 693772286351184040 
1 281 39340 3658620 254274090 14086784586 647992090956 25456832144700 871896500955975 26447527195664575 719372739722076440 
1 282 39621 3697960 257932710 14341058676 662078875542 26104824235656 897353333100675 27319423696620550 745820266917741015 
1 283 39903 3737581 261630670 14598991386 676419934218 26766903111198 923458157336331 28216777029721225 773139690614361565 
1 284 40186 3777484 265368251 14860622056 691018925604 27443323045416 950225060447529 29140235187057556 801356467644082790 
1 285 40470 3817670 269145735 15125990307 705879547660 28134341971020 977668383492945 30090460247505085 830496702831140346 
1 286 40755 3858140 272963405 15395136042 721005537967 28840221518680 1005802725463965 31068128630998030 860587163078645431 
1 287 41041 3898895 276821545 15668099447 736400674009 29561227056647 1034642946982645 32073931356461995 891655291709643461 
1 288 41328 3939936 280720440 15944920992 752068773456 30297627730656 1064204174039292 33108574303444640 923729223066105456 
1 289 41616 3981264 284660376 16225641432 768013694448 31049696504112 1094501801769948 34172778477483932 956837797369550096 
1 290 41905 4022880 288641640 16510301808 784239335880 31817710198560 1125551498274060 35267280279253880 991010575847034028 
1 291 42195 4064785 292664520 16798943448 800749637688 32601949534440 1157369208472620 36392831777527940 1026277856126287908 
1 292 42486 4106980 296729305 17091607968 817548581136 33402699172128 1189971158007060 37550200986000560 1062670687903815848 
1 293 42778 4149466 300836285 17388337273 834640189104 34220247753264 1223373857179188 38740172144007620 1100220888889816408 
1 294 43071 4192244 304985751 17689173558 852028526377 35054887942368 1257594104932452 39963546001186808 1138961061033824028 
1 295 43365 4235315 309177995 17994159309 869717699935 35906916468745 1292648992874820 41221140106119260 1178924607035010836 
1 296 43660 4278680 313413310 18303337304 887711859244 36776634168680 1328555909343565 42513789098994080 1220145747141130096 
1 297 43956 4322340 317691990 18616750614 906015196548 37664346027924 1365332543512245 43842345008337645 1262659536240124176 
1 298 44253 4366296 322014330 18934442604 924631947162 38570361224472 1402996889540169 45207677551849890 1306501881248461821 
1 299 44551 4410549 326380626 19256456934 943566389766 39494993171634 1441567250764641 46610674441390059 1351709558800311711 
1 300 44850 4455100 330791175 19582837560 962822846700 40438559561400 1481062243936275 48052241692154700 1398320233241701770 
1 301 45150 4499950 335246275 19913628735 982405684260 41401382408100 1521500803497675 49533303936090975 1446372474933856470 
1 302 45451 4545100 339746225 20248875010 1002319312995 42383788092360 1562902185905775 51054804739588650 1495905778869947445 
1 303 45753 4590551 344291325 20588621235 1022568188005 43386107405355 1605285973998135 52617706925494425 1546960583609536095 
1 304 46056 4636304 348881876 20932912560 1043156809240 44408675593360 1648672081403490 54222992899492560 1599578290535030520 
1 305 46360 4682360 353518180 21281794436 1064089721800 45451832402600 1693080756996850 55871664980896050 1653801283434523080 
1 306 46665 4728720 358200540 21635312616 1085371516236 46515922124400 1738532589399450 57564745737892900 1709672948415419130 
1 307 46971 4775385 362929260 21993513156 1107006828852 47601293640636 1785048511523850 59303278327292350 1767237694153312030 
1 308 47278 4822356 367704645 22356442416 1129000342008 48708300469488 1832649805164486 61088326838816200 1826540972480604380 
1 309 47586 4869634 372527001 22724147061 1151356784424 49837300811496 1881358105633974 62920976643980686 42954891948465418 
