6
1 1 3 1 1 1 1
2 2 1 1 1 2 1
3 2 3 1 1 2 1
4 3 1 1 1 3 1
5 3 2 1 1 3 1
12 2 2 1 2 2 1
8.247452692867540680e-01 6.724890829694323002e-02 -1.080058224163027297e-01 1.752547307132459598e-01 1.080058224163027297e-01 -4.075691411935949970e-02
6.724890829694321615e-02 8.462882096069869187e-01 -8.646288209606986519e-02 -6.724890829694321615e-02 8.646288209606986519e-02 -2.401746724890829465e-01
-1.080058224163027436e-01 -8.646288209606985131e-02 8.055312954876274745e-01 1.080058224163027436e-01 1.944687045123725810e-01 -2.809315866084424185e-01
1.752547307132459598e-01 -6.724890829694323002e-02 1.080058224163027297e-01 8.247452692867540680e-01 -1.080058224163027297e-01 4.075691411935949970e-02
1.080058224163027436e-01 8.646288209606985131e-02 1.944687045123725810e-01 -1.080058224163027436e-01 8.055312954876274745e-01 2.809315866084424185e-01
-4.075691411935952746e-02 -2.401746724890829188e-01 -2.809315866084424185e-01 4.075691411935952746e-02 2.809315866084424185e-01 4.788937409024746072e-01
