5
6 4 3 1 1 4 1
7 4 5 1 1 4 1
8 4 6 1 1 4 1
9 5 1 1 1 5 1
10 5 4 1 1 5 1
7.836972343522562445e-01 1.717612809315866018e-02 -8.500727802037846836e-02 -1.021834061135371285e-01 -1.717612809315866018e-02
1.717612809315865324e-02 8.640465793304221709e-01 -3.901018922852984849e-02 9.694323144104803613e-02 1.359534206695778846e-01
-8.500727802037846836e-02 -3.901018922852984849e-02 8.710334788937408312e-01 -8.995633187772926476e-02 3.901018922852984849e-02
-1.021834061135371285e-01 9.694323144104803613e-02 -8.995633187772926476e-02 8.131004366812226714e-01 -9.694323144104803613e-02
-1.717612809315865324e-02 1.359534206695778846e-01 3.901018922852984849e-02 -9.694323144104803613e-02 8.640465793304221709e-01
