1 1 2 1 1 1 1
2 1 3 1 1 1 1
3 5 3 1 1 5 1
4 5 4 1 1 5 1
5 5 6 1 1 5 1
6 5 8 1 1 5 1
7 9 8 1 1 9 1
8 9 10 1 1 9 1
9 12 2 1 1 12 1
10 12 3 1 1 12 1
11 12 7 1 1 12 1
12 12 11 1 1 12 1
13 12 14 1 1 12 1
14 12 16 1 1 12 1
15 12 117 1 1 12 1
16 15 13 1 1 15 1
17 15 14 1 1 15 1
18 15 17 1 1 15 1
19 15 19 1 1 15 1
20 15 33 1 1 15 1
21 17 15 1 1 17 1
22 17 16 1 1 17 1
23 17 18 1 1 17 1
24 17 30 1 1 17 1
25 17 31 1 1 17 1
26 21 20 1 1 21 1
27 21 22 1 1 21 1
28 23 22 1 1 23 1
29 23 24 1 1 23 1
30 23 25 1 1 23 1
31 23 32 1 1 23 1
32 24 23 1 1 24 1
33 24 70 1 1 24 1
34 28 27 1 1 28 1
35 28 29 1 1 28 1
36 30 8 1 1 30 1
37 30 17 1 1 30 1
38 30 26 1 1 30 1
39 30 38 1 1 30 1
40 32 23 1 1 32 1
41 32 31 1 1 32 1
42 32 113 1 1 32 1
43 32 114 1 1 32 1
44 34 19 1 1 34 1
45 34 37 1 1 34 1
46 34 43 1 1 34 1
47 35 36 1 1 35 1
48 36 34 1 1 36 1
49 36 35 1 1 36 1
50 37 33 1 1 37 1
51 37 35 1 1 37 1
52 37 39 1 1 37 1
53 38 30 1 1 38 1
54 38 37 1 1 38 1
55 38 65 1 1 38 1
56 39 37 1 1 39 1
57 40 37 1 1 40 1
58 40 39 1 1 40 1
59 40 41 1 1 40 1
60 40 42 1 1 40 1
61 41 40 1 1 41 1
62 42 40 1 1 42 1
63 42 41 1 1 42 1
64 42 49 1 1 42 1
65 43 34 1 1 43 1
66 43 44 1 1 43 1
67 44 43 1 1 44 1
68 44 45 1 1 44 1
69 45 46 1 1 45 1
70 45 49 1 1 45 1
71 46 45 1 1 46 1
72 46 47 1 1 46 1
73 46 48 1 1 46 1
74 47 46 1 1 47 1
75 47 49 1 1 47 1
76 47 69 1 1 47 1
77 48 46 1 1 48 1
78 48 49 1 1 48 1
79 49 42 1 1 49 1
80 49 47 1 1 49 1
81 49 50 1 1 49 1
82 49 51 1 1 49 1
83 49 54 1 1 49 1
84 49 66 1 1 49 1
85 49 69 1 1 49 1
86 50 57 1 1 50 1
87 51 49 1 1 51 1
88 51 52 1 1 51 1
89 51 58 1 1 51 1
90 52 53 1 1 52 1
91 53 52 1 1 53 1
92 53 54 1 1 53 1
93 54 53 1 1 54 1
94 54 55 1 1 54 1
95 54 56 1 1 54 1
96 55 54 1 1 55 1
97 55 56 1 1 55 1
98 55 59 1 1 55 1
99 56 54 1 1 56 1
100 56 55 1 1 56 1
101 56 57 1 1 56 1
102 56 58 1 1 56 1
103 56 59 1 1 56 1
104 57 50 1 1 57 1
105 58 51 1 1 58 1
106 59 55 1 1 59 1
107 59 56 1 1 59 1
108 59 60 1 1 59 1
109 59 61 1 1 59 1
110 59 63 1 1 59 1
111 60 59 1 1 60 1
112 60 61 1 1 60 1
113 60 62 1 1 60 1
114 61 59 1 1 61 1
115 61 60 1 1 61 1
116 61 62 1 1 61 1
117 61 64 1 1 61 1
118 62 60 1 1 62 1
119 62 61 1 1 62 1
120 62 66 1 1 62 1
121 62 67 1 1 62 1
122 63 59 1 1 63 1
123 63 64 1 1 63 1
124 64 61 1 1 64 1
125 64 63 1 1 64 1
126 64 65 1 1 64 1
127 65 38 1 1 65 1
128 65 64 1 1 65 1
129 65 66 1 1 65 1
130 65 68 1 1 65 1
131 66 49 1 1 66 1
132 66 62 1 1 66 1
133 66 67 1 1 66 1
134 67 62 1 1 67 1
135 68 65 1 1 68 1
136 68 81 1 1 68 1
137 69 49 1 1 69 1
138 69 68 1 1 69 1
139 69 70 1 1 69 1
140 69 75 1 1 69 1
141 69 77 1 1 69 1
142 70 24 1 1 70 1
143 70 69 1 1 70 1
144 70 71 1 1 70 1
145 70 75 1 1 70 1
146 71 70 1 1 71 1
147 71 72 1 1 71 1
148 71 73 1 1 71 1
149 72 71 1 1 72 1
150 73 71 1 1 73 1
151 74 70 1 1 74 1
152 74 75 1 1 74 1
153 75 69 1 1 75 1
154 75 70 1 1 75 1
155 75 77 1 1 75 1
156 75 118 1 1 75 1
157 76 118 1 1 76 1
158 77 69 1 1 77 1
159 77 75 1 1 77 1
160 77 76 1 1 77 1
161 77 78 1 1 77 1
162 78 77 1 1 78 1
163 78 79 1 1 78 1
164 79 80 1 1 79 1
165 80 77 1 1 80 1
166 80 79 1 1 80 1
167 80 81 1 1 80 1
168 80 97 1 1 80 1
169 80 98 1 1 80 1
170 80 99 1 1 80 1
171 81 68 1 1 81 1
172 81 80 1 1 81 1
173 82 77 1 1 82 1
174 82 83 1 1 82 1
175 83 82 1 1 83 1
176 83 84 1 1 83 1
177 83 85 1 1 83 1
178 84 83 1 1 84 1
179 85 84 1 1 85 1
180 85 86 1 1 85 1
181 85 88 1 1 85 1
182 85 89 1 1 85 1
183 86 85 1 1 86 1
184 86 87 1 1 86 1
185 88 89 1 1 88 1
186 89 88 1 1 89 1
187 89 90 1 1 89 1
188 89 92 1 1 89 1
189 90 89 1 1 90 1
190 90 91 1 1 90 1
191 91 90 1 1 91 1
192 91 92 1 1 91 1
193 92 89 1 1 92 1
194 92 91 1 1 92 1
195 92 93 1 1 92 1
196 92 94 1 1 92 1
197 92 100 1 1 92 1
198 92 102 1 1 92 1
199 93 94 1 1 93 1
200 94 92 1 1 94 1
201 94 93 1 1 94 1
202 94 95 1 1 94 1
203 94 100 1 1 94 1
204 95 94 1 1 95 1
205 95 96 1 1 95 1
206 96 80 1 1 96 1
207 96 82 1 1 96 1
208 96 94 1 1 96 1
209 96 95 1 1 96 1
210 97 80 1 1 97 1
211 97 96 1 1 97 1
212 98 80 1 1 98 1
213 98 100 1 1 98 1
214 99 80 1 1 99 1
215 99 100 1 1 99 1
216 100 98 1 1 100 1
217 100 99 1 1 100 1
218 100 101 1 1 100 1
219 100 103 1 1 100 1
220 100 104 1 1 100 1
221 101 100 1 1 101 1
222 101 102 1 1 101 1
223 102 92 1 1 102 1
224 102 101 1 1 102 1
225 103 100 1 1 103 1
226 103 104 1 1 103 1
227 103 105 1 1 103 1
228 104 100 1 1 104 1
229 104 103 1 1 104 1
230 104 105 1 1 104 1
231 105 104 1 1 105 1
232 105 106 1 1 105 1
233 105 107 1 1 105 1
234 106 100 1 1 106 1
235 106 105 1 1 106 1
236 106 107 1 1 106 1
237 107 105 1 1 107 1
238 108 105 1 1 108 1
239 109 108 1 1 109 1
240 109 110 1 1 109 1
241 110 103 1 1 110 1
242 110 111 1 1 110 1
243 110 112 1 1 110 1
244 111 110 1 1 111 1
245 112 110 1 1 112 1
246 113 17 1 1 113 1
247 113 32 1 1 113 1
248 115 27 1 1 115 1
249 115 114 1 1 115 1
250 116 68 1 1 116 1
251 118 75 1 1 118 1
252 118 76 1 1 118 1
253 1 1 1 2 1 1
254 5 5 1 2 5 1
255 9 9 1 2 9 1
256 12 12 1 2 12 1
257 15 15 1 2 15 1
258 17 17 1 2 17 1
259 21 21 1 2 21 1
260 23 23 1 2 23 1
261 24 24 1 2 24 1
262 28 28 1 2 28 1
263 30 30 1 2 30 1
264 34 34 1 2 34 1
265 35 35 1 2 35 1
266 36 36 1 2 36 1
267 37 37 1 2 37 1
268 38 38 1 2 38 1
269 39 39 1 2 39 1
270 40 40 1 2 40 1
271 41 41 1 2 41 1
272 42 42 1 2 42 1
273 43 43 1 2 43 1
274 44 44 1 2 44 1
275 47 47 1 2 47 1
276 48 48 1 2 48 1
277 49 49 1 2 49 1
278 50 50 1 2 50 1
279 52 52 1 2 52 1
280 53 53 1 2 53 1
281 54 54 1 2 54 1
282 55 55 1 2 55 1
283 56 56 1 2 56 1
284 57 57 1 2 57 1
285 60 60 1 2 60 1
286 61 61 1 2 61 1
287 62 62 1 2 62 1
288 64 64 1 2 64 1
289 65 65 1 2 65 1
290 66 66 1 2 66 1
291 68 68 1 2 68 1
292 69 69 1 2 69 1
293 70 70 1 2 70 1
294 71 71 1 2 71 1
295 72 72 1 2 72 1
296 73 73 1 2 73 1
297 74 74 1 2 74 1
298 75 75 1 2 75 1
299 76 76 1 2 76 1
300 78 78 1 2 78 1
301 79 79 1 2 79 1
302 80 80 1 2 80 1
303 81 81 1 2 81 1
304 82 82 1 2 82 1
305 83 83 1 2 83 1
306 84 84 1 2 84 1
307 85 85 1 2 85 1
308 86 86 1 2 86 1
309 87 87 1 2 87 1
310 88 88 1 2 88 1
311 89 89 1 2 89 1
312 91 91 1 2 91 1
313 92 92 1 2 92 1
314 93 93 1 2 93 1
315 94 94 1 2 94 1
316 96 96 1 2 96 1
317 97 97 1 2 97 1
318 98 98 1 2 98 1
319 99 99 1 2 99 1
320 101 101 1 2 101 1
321 102 102 1 2 102 1
322 103 103 1 2 103 1
323 105 105 1 2 105 1
324 106 106 1 2 106 1
325 107 107 1 2 107 1
326 109 109 1 2 109 1
327 110 110 1 2 110 1
328 111 111 1 2 111 1
329 112 112 1 2 112 1
330 113 113 1 2 113 1
331 115 115 1 2 115 1
332 116 116 1 2 116 1
333 118 118 1 2 118 1