1 1 2 1 1 1 1
2 1 3 1 1 1 1
3 2 1 1 1 2 1
4 2 12 1 1 2 1
5 3 1 1 1 3 1
6 3 5 1 1 3 1
7 3 12 1 1 3 1
8 4 5 1 1 4 1
9 4 11 1 1 4 1
10 5 3 1 1 5 1
11 5 4 1 1 5 1
12 5 6 1 1 5 1
13 5 8 1 1 5 1
14 5 11 1 1 5 1
15 6 5 1 1 6 1
16 6 7 1 1 6 1
17 7 6 1 1 7 1
18 7 12 1 1 7 1
19 8 9 1 1 8 1
20 8 30 1 1 8 1
21 9 8 1 1 9 1
22 9 10 1 1 9 1
23 10 9 1 1 10 1
24 11 4 1 1 11 1
25 11 5 1 1 11 1
26 11 12 1 1 11 1
27 11 13 1 1 11 1
28 12 2 1 1 12 1
29 12 3 1 1 12 1
30 12 7 1 1 12 1
31 12 11 1 1 12 1
32 12 14 1 1 12 1
33 12 16 1 1 12 1
34 12 117 1 1 12 1
35 13 11 1 1 13 1
36 13 15 1 1 13 1
37 14 12 1 1 14 1
38 16 12 1 1 16 1
39 16 17 1 1 16 1
40 18 17 1 1 18 1
41 18 19 1 1 18 1
42 19 15 1 1 19 1
43 19 18 1 1 19 1
44 19 34 1 1 19 1
45 21 20 1 1 21 1
46 21 22 1 1 21 1
47 22 21 1 1 22 1
48 22 23 1 1 22 1
49 24 23 1 1 24 1
50 24 72 1 1 24 1
51 25 26 1 1 25 1
52 26 25 1 1 26 1
53 26 30 1 1 26 1
54 27 25 1 1 27 1
55 27 28 1 1 27 1
56 27 32 1 1 27 1
57 27 115 1 1 27 1
58 28 27 1 1 28 1
59 28 29 1 1 28 1
60 29 28 1 1 29 1
61 29 31 1 1 29 1
62 30 8 1 1 30 1
63 30 26 1 1 30 1
64 30 38 1 1 30 1
65 31 17 1 1 31 1
66 31 32 1 1 31 1
67 32 27 1 1 32 1
68 32 31 1 1 32 1
69 32 113 1 1 32 1
70 32 114 1 1 32 1
71 36 34 1 1 36 1
72 36 35 1 1 36 1
73 37 33 1 1 37 1
74 37 34 1 1 37 1
75 37 35 1 1 37 1
76 37 38 1 1 37 1
77 37 39 1 1 37 1
78 37 40 1 1 37 1
79 41 42 1 1 41 1
80 42 40 1 1 42 1
81 42 41 1 1 42 1
82 42 49 1 1 42 1
83 44 43 1 1 44 1
84 44 45 1 1 44 1
85 46 45 1 1 46 1
86 46 47 1 1 46 1
87 46 48 1 1 46 1
88 49 42 1 1 49 1
89 49 45 1 1 49 1
90 49 47 1 1 49 1
91 49 48 1 1 49 1
92 49 50 1 1 49 1
93 49 51 1 1 49 1
94 49 54 1 1 49 1
95 49 66 1 1 49 1
96 49 69 1 1 49 1
97 51 49 1 1 51 1
98 51 52 1 1 51 1
99 51 58 1 1 51 1
100 52 51 1 1 52 1
101 52 53 1 1 52 1
102 54 49 1 1 54 1
103 54 53 1 1 54 1
104 54 55 1 1 54 1
105 54 56 1 1 54 1
106 54 59 1 1 54 1
107 55 54 1 1 55 1
108 55 59 1 1 55 1
109 57 50 1 1 57 1
110 57 56 1 1 57 1
111 58 51 1 1 58 1
112 58 56 1 1 58 1
113 60 59 1 1 60 1
114 60 61 1 1 60 1
115 60 62 1 1 60 1
116 61 59 1 1 61 1
117 61 60 1 1 61 1
118 61 62 1 1 61 1
119 61 64 1 1 61 1
120 62 60 1 1 62 1
121 62 61 1 1 62 1
122 62 66 1 1 62 1
123 62 67 1 1 62 1
124 63 59 1 1 63 1
125 63 64 1 1 63 1
126 64 61 1 1 64 1
127 64 63 1 1 64 1
128 64 65 1 1 64 1
129 65 38 1 1 65 1
130 65 64 1 1 65 1
131 65 66 1 1 65 1
132 65 68 1 1 65 1
133 67 62 1 1 67 1
134 67 66 1 1 67 1
135 68 65 1 1 68 1
136 68 81 1 1 68 1
137 68 116 1 1 68 1
138 69 47 1 1 69 1
139 69 68 1 1 69 1
140 69 70 1 1 69 1
141 69 75 1 1 69 1
142 69 77 1 1 69 1
143 71 70 1 1 71 1
144 71 72 1 1 71 1
145 71 73 1 1 71 1
146 73 71 1 1 73 1
147 74 70 1 1 74 1
148 74 75 1 1 74 1
149 76 77 1 1 76 1
150 76 118 1 1 76 1
151 77 69 1 1 77 1
152 77 76 1 1 77 1
153 77 78 1 1 77 1
154 77 80 1 1 77 1
155 77 82 1 1 77 1
156 78 77 1 1 78 1
157 78 79 1 1 78 1
158 79 78 1 1 79 1
159 79 80 1 1 79 1
160 80 77 1 1 80 1
161 80 81 1 1 80 1
162 80 96 1 1 80 1
163 80 97 1 1 80 1
164 80 98 1 1 80 1
165 81 80 1 1 81 1
166 82 77 1 1 82 1
167 82 83 1 1 82 1
168 82 96 1 1 82 1
169 83 82 1 1 83 1
170 83 84 1 1 83 1
171 83 85 1 1 83 1
172 84 83 1 1 84 1
173 84 85 1 1 84 1
174 85 83 1 1 85 1
175 85 84 1 1 85 1
176 85 86 1 1 85 1
177 85 88 1 1 85 1
178 85 89 1 1 85 1
179 86 85 1 1 86 1
180 86 87 1 1 86 1
181 87 86 1 1 87 1
182 88 89 1 1 88 1
183 89 90 1 1 89 1
184 89 92 1 1 89 1
185 90 89 1 1 90 1
186 90 91 1 1 90 1
187 91 90 1 1 91 1
188 92 91 1 1 92 1
189 92 94 1 1 92 1
190 92 100 1 1 92 1
191 92 102 1 1 92 1
192 93 92 1 1 93 1
193 93 94 1 1 93 1
194 94 92 1 1 94 1
195 94 93 1 1 94 1
196 94 95 1 1 94 1
197 94 96 1 1 94 1
198 94 100 1 1 94 1
199 95 94 1 1 95 1
200 95 96 1 1 95 1
201 96 82 1 1 96 1
202 96 94 1 1 96 1
203 96 95 1 1 96 1
204 97 80 1 1 97 1
205 97 96 1 1 97 1
206 98 80 1 1 98 1
207 98 100 1 1 98 1
208 99 100 1 1 99 1
209 100 92 1 1 100 1
210 100 94 1 1 100 1
211 100 98 1 1 100 1
212 100 99 1 1 100 1
213 100 101 1 1 100 1
214 100 103 1 1 100 1
215 100 104 1 1 100 1
216 100 106 1 1 100 1
217 101 100 1 1 101 1
218 101 102 1 1 101 1
219 102 92 1 1 102 1
220 102 101 1 1 102 1
221 103 100 1 1 103 1
222 103 104 1 1 103 1
223 104 100 1 1 104 1
224 104 103 1 1 104 1
225 104 105 1 1 104 1
226 105 103 1 1 105 1
227 105 104 1 1 105 1
228 105 106 1 1 105 1
229 105 107 1 1 105 1
230 105 108 1 1 105 1
231 106 105 1 1 106 1
232 106 107 1 1 106 1
233 107 105 1 1 107 1
234 107 106 1 1 107 1
235 108 109 1 1 108 1
236 109 108 1 1 109 1
237 109 110 1 1 109 1
238 110 103 1 1 110 1
239 110 109 1 1 110 1
240 110 111 1 1 110 1
241 111 110 1 1 111 1
242 112 110 1 1 112 1
243 114 32 1 1 114 1
244 114 115 1 1 114 1
245 115 27 1 1 115 1
246 115 114 1 1 115 1
247 117 12 1 1 117 1
248 118 76 1 1 118 1
249 1 1 1 2 1 1
250 2 2 1 2 2 1
251 3 3 1 2 3 1
252 4 4 1 2 4 1
253 5 5 1 2 5 1
254 6 6 1 2 6 1
255 7 7 1 2 7 1
256 8 8 1 2 8 1
257 9 9 1 2 9 1
258 10 10 1 2 10 1
259 11 11 1 2 11 1
260 12 12 1 2 12 1
261 14 14 1 2 14 1
262 16 16 1 2 16 1
263 18 18 1 2 18 1
264 19 19 1 2 19 1
265 21 21 1 2 21 1
266 22 22 1 2 22 1
267 24 24 1 2 24 1
268 25 25 1 2 25 1
269 26 26 1 2 26 1
270 27 27 1 2 27 1
271 28 28 1 2 28 1
272 29 29 1 2 29 1
273 30 30 1 2 30 1
274 31 31 1 2 31 1
275 36 36 1 2 36 1
276 37 37 1 2 37 1
277 41 41 1 2 41 1
278 42 42 1 2 42 1
279 46 46 1 2 46 1
280 49 49 1 2 49 1
281 51 51 1 2 51 1
282 52 52 1 2 52 1
283 54 54 1 2 54 1
284 55 55 1 2 55 1
285 57 57 1 2 57 1
286 58 58 1 2 58 1
287 60 60 1 2 60 1
288 61 61 1 2 61 1
289 64 64 1 2 64 1
290 65 65 1 2 65 1
291 68 68 1 2 68 1
292 69 69 1 2 69 1
293 71 71 1 2 71 1
294 73 73 1 2 73 1
295 74 74 1 2 74 1
296 76 76 1 2 76 1
297 77 77 1 2 77 1
298 78 78 1 2 78 1
299 79 79 1 2 79 1
300 80 80 1 2 80 1
301 81 81 1 2 81 1
302 82 82 1 2 82 1
303 83 83 1 2 83 1
304 84 84 1 2 84 1
305 85 85 1 2 85 1
306 86 86 1 2 86 1
307 87 87 1 2 87 1
308 88 88 1 2 88 1
309 89 89 1 2 89 1
310 90 90 1 2 90 1
311 91 91 1 2 91 1
312 92 92 1 2 92 1
313 93 93 1 2 93 1
314 94 94 1 2 94 1
315 95 95 1 2 95 1
316 96 96 1 2 96 1
317 97 97 1 2 97 1
318 98 98 1 2 98 1
319 99 99 1 2 99 1
320 100 100 1 2 100 1
321 102 102 1 2 102 1
322 103 103 1 2 103 1
323 104 104 1 2 104 1
324 106 106 1 2 106 1
325 107 107 1 2 107 1
326 109 109 1 2 109 1
327 110 110 1 2 110 1
328 111 111 1 2 111 1
329 112 112 1 2 112 1
330 114 114 1 2 114 1
331 115 115 1 2 115 1
332 117 117 1 2 117 1
333 118 118 1 2 118 1