34
113 54 53 1 1 54 1
114 54 55 1 1 54 1
115 54 56 1 1 54 1
116 54 59 1 1 54 1
117 55 54 1 1 55 1
118 55 56 1 1 55 1
119 55 59 1 1 55 1
120 56 54 1 1 56 1
121 56 55 1 1 56 1
122 56 57 1 1 56 1
123 56 58 1 1 56 1
124 56 59 1 1 56 1
126 57 56 1 1 57 1
128 58 56 1 1 58 1
129 59 54 1 1 59 1
130 59 55 1 1 59 1
131 59 56 1 1 59 1
132 59 60 1 1 59 1
133 59 61 1 1 59 1
134 59 63 1 1 59 1
135 60 59 1 1 60 1
136 60 62 1 1 60 1
137 61 64 1 1 61 1
139 63 59 1 1 63 1
140 63 64 1 1 63 1
141 64 61 1 1 64 1
284 54 54 1 2 54 1
285 57 57 1 2 57 1
286 59 59 1 2 59 1
287 60 60 1 2 60 1
288 61 61 1 2 61 1
289 62 62 1 2 62 1
290 63 63 1 2 63 1
291 64 64 1 2 64 1
6.469724085275330161e-01 6.020772200912127836e-02 5.241171879020989355e-02 4.998290370115954229e-02 -6.020772200912127836e-02 -7.796003218911384813e-03 -1.022481830796173607e-02 -5.241171879020989355e-02 7.796003218911384813e-03 2.244899013459367154e-06 -3.118625777465822146e-02 -2.428815089050351261e-03 -2.244899013459367154e-06 3.118625777465822146e-02 -4.998290370115954229e-02 1.022481830796173607e-02 2.428815089050351261e-03 6.319517832144905256e-03 6.560504758681862114e-03 5.996709227058305558e-03 -6.319517832144905256e-03 7.556983191451260851e-04 4.331312556993260898e-04 -5.996709227058305558e-03 9.969267873228826460e-04 -4.331312556993260898e-04 -1.380045485857100962e-01 1.665334536937734811e-15 -1.845253848626238202e-02 -5.322832586462822313e-03 -5.853649036911323655e-03 -2.789949262214097558e-03 -4.999782439735422912e-03 -2.543518059983707058e-03
6.020772200911950200e-02 8.351108288373219057e-01 -3.121387590072177698e-02 -4.117077789478318373e-02 1.648891711626780943e-01 1.336752952619563173e-01 1.237183932678949105e-01 3.121387590072177698e-02 -1.336752952619563173e-01 1.712827408152250985e-02 1.757290696631008675e-02 -9.956901994061406747e-03 -1.712827408152250985e-02 -1.757290696631008675e-02 4.117077789478318373e-02 -1.237183932678949105e-01 9.956901994061406747e-03 1.939680295424983658e-02 2.181039412683094536e-02 1.571611820672846882e-02 -1.939680295424983658e-02 1.447245838764454895e-02 8.457508715971062685e-03 -1.571611820672846882e-02 1.455178463607353923e-02 -8.457508715971062685e-03 -1.397668825236972889e-01 -6.661338147750939243e-16 -1.566739809124106930e-02 -2.510753394024178853e-03 -3.707609368377551284e-03 1.994058144323962445e-03 -1.164333570654929595e-03 -3.541720827453187503e-03
5.241171879020856128e-02 -3.121387590072133289e-02 8.622751118962426187e-01 -3.671060340448351056e-02 3.121387590072133289e-02 -1.065110122030360484e-01 -5.496727503762177669e-03 1.377248881037573813e-01 1.065110122030360484e-01 3.672813135943464591e-02 3.722781982841849580e-02 1.010142846992738708e-01 -3.672813135943464591e-02 -3.722781982841849580e-02 3.671060340448351056e-02 5.496727503762177669e-03 -1.010142846992738708e-01 1.401005590958070979e-02 1.549917312856852192e-02 1.176000842549163039e-02 -1.401005590958070979e-02 8.607814783787137713e-03 5.026333974549435091e-03 -1.176000842549163039e-02 8.765498677626326618e-03 -5.026333974549435091e-03 -1.440500112847719061e-01 2.220446049250313081e-16 -1.753771632738732045e-02 -3.913123906805759944e-03 -4.843258808207573374e-03 -1.628788364057554006e-04 -2.994509747865303773e-03 -3.205821341705772376e-03
4.998290370115932024e-02 -4.117077789478351679e-02 -3.671060340448373260e-02 9.100196805537910105e-01 4.117077789478351679e-02 4.460174490299784189e-03 -4.880954155142547268e-02 3.671060340448373260e-02 -4.460174490299784189e-03 6.915979351901135885e-03 1.092471860929622451e-02 -5.326971604172525687e-02 -6.915979351901135885e-03 -1.092471860929622451e-02 8.998031944620898948e-02 4.880954155142547268e-02 5.326971604172525687e-02 -2.350250553011556942e-02 -2.227650696613991954e-02 -2.571225983459801689e-02 2.350250553011556942e-02 1.259736751307194424e-02 7.426333006963159455e-03 2.571225983459801689e-02 1.086208587542125681e-02 -7.426333006963159455e-03 -1.269254830411956636e-01 1.110223024625156540e-16 1.205683047085062132e-01 3.732587160716316355e-02 3.984821035822372348e-02 2.376084584113613563e-02 3.657434571001927370e-02 1.486699225614357411e-02
-6.020772200911950200e-02 1.648891711626780943e-01 3.121387590072177698e-02 4.117077789478318373e-02 8.351108288373219057e-01 -1.336752952619563173e-01 -1.237183932678949105e-01 -3.121387590072177698e-02 1.336752952619563173e-01 -1.712827408152250985e-02 -1.757290696631008675e-02 9.956901994061406747e-03 1.712827408152250985e-02 1.757290696631008675e-02 -4.117077789478318373e-02 1.237183932678949105e-01 -9.956901994061406747e-03 -1.939680295424983658e-02 -2.181039412683094536e-02 -1.571611820672846882e-02 1.939680295424983658e-02 -1.447245838764454895e-02 -8.457508715971062685e-03 1.571611820672846882e-02 -1.455178463607353923e-02 8.457508715971062685e-03 1.397668825236972889e-01 6.661338147750939243e-16 1.566739809124106930e-02 2.510753394024178853e-03 3.707609368377551284e-03 -1.994058144323962445e-03 1.164333570654929595e-03 3.541720827453187503e-03
-7.796003218910940724e-03 1.336752952619567614e-01 -1.065110122030356044e-01 4.460174490299673167e-03 -1.336752952619567614e-01 7.598136925350076343e-01 -1.292151207716570882e-01 1.065110122030356044e-01 2.401863074649923657e-01 1.959985727791213606e-02 1.965491286210840904e-02 1.109711866933352775e-01 -1.959985727791213606e-02 -1.965491286210840904e-02 -4.460174490299673167e-03 1.292151207716570882e-01 -1.109711866933352775e-01 -5.386747044669126794e-03 -6.311220998262423443e-03 -3.956109781236838430e-03 5.386747044669126794e-03 -5.864643603857411236e-03 -3.431174741421627594e-03 3.956109781236838430e-03 -5.786285958447212607e-03 3.431174741421627594e-03 -4.283128761074617152e-03 8.881784197001252323e-16 -1.870318236146251145e-03 -1.402370512781581091e-03 -1.135649439830022089e-03 -2.156936980729717845e-03 -1.830176177210374178e-03 3.358994857474151274e-04
-1.022481830796018176e-02 1.237183932678945775e-01 -5.496727503761955624e-03 -4.880954155142580575e-02 -1.237183932678945775e-01 -1.292151207716565331e-01 8.274720651806796168e-01 5.496727503761955624e-03 1.292151207716565331e-01 -1.021229472962137397e-02 -6.648188357013862237e-03 -4.331281404766385013e-02 1.021229472962137397e-02 6.648188357013862237e-03 4.880954155142580575e-02 1.725279348193203832e-01 4.331281404766385013e-02 -4.289930848436540600e-02 -4.408690109297086490e-02 -4.142837804132648571e-02 4.289930848436540600e-02 -1.875090874572604704e-03 -1.031175709007903230e-03 4.142837804132648571e-02 -3.689698760652282417e-03 1.031175709007903230e-03 1.284139948250162533e-02 7.771561172376095783e-16 1.362357027997472825e-01 3.983662500118734240e-02 4.355581972660127477e-02 2.176678769681217318e-02 3.773867928067420330e-02 1.840871308359676162e-02
-5.241171879020856128e-02 3.121387590072133289e-02 1.377248881037573813e-01 3.671060340448351056e-02 -3.121387590072133289e-02 1.065110122030360484e-01 5.496727503762177669e-03 8.622751118962426187e-01 -1.065110122030360484e-01 -3.672813135943464591e-02 -3.722781982841849580e-02 -1.010142846992738708e-01 3.672813135943464591e-02 3.722781982841849580e-02 -3.671060340448351056e-02 -5.496727503762177669e-03 1.010142846992738708e-01 -1.401005590958070979e-02 -1.549917312856852192e-02 -1.176000842549163039e-02 1.401005590958070979e-02 -8.607814783787137713e-03 -5.026333974549435091e-03 1.176000842549163039e-02 -8.765498677626326618e-03 5.026333974549435091e-03 1.440500112847719061e-01 -2.220446049250313081e-16 1.753771632738732045e-02 3.913123906805759944e-03 4.843258808207573374e-03 1.628788364057554006e-04 2.994509747865303773e-03 3.205821341705772376e-03
7.796003218910940724e-03 -1.336752952619567614e-01 1.065110122030356044e-01 -4.460174490299673167e-03 1.336752952619567614e-01 2.401863074649923657e-01 1.292151207716570882e-01 -1.065110122030356044e-01 7.598136925350076343e-01 -1.959985727791213606e-02 -1.965491286210840904e-02 -1.109711866933352775e-01 1.959985727791213606e-02 1.965491286210840904e-02 4.460174490299673167e-03 -1.292151207716570882e-01 1.109711866933352775e-01 5.386747044669126794e-03 6.311220998262423443e-03 3.956109781236838430e-03 -5.386747044669126794e-03 5.864643603857411236e-03 3.431174741421627594e-03 -3.956109781236838430e-03 5.786285958447212607e-03 -3.431174741421627594e-03 4.283128761074617152e-03 -8.881784197001252323e-16 1.870318236146251145e-03 1.402370512781581091e-03 1.135649439830022089e-03 2.156936980729717845e-03 1.830176177210374178e-03 -3.358994857474151274e-04
2.244899014125500969e-06 1.712827408152195474e-02 3.672813135943475693e-02 6.915979351900802818e-03 -1.712827408152195474e-02 1.959985727791280219e-02 -1.021229472962115192e-02 -3.672813135943475693e-02 -1.959985727791280219e-02 7.229008792815184714e-01 -1.950145016986748470e-02 -2.981215200753395411e-02 2.770991207184815286e-01 1.950145016986748470e-02 -6.915979351900802818e-03 1.021229472962115192e-02 2.981215200753395411e-02 -1.297239563073226964e-02 -1.520213445427276433e-02 -9.521638544087385192e-03 1.297239563073226964e-02 -1.414806433028026333e-02 -8.277518277860940188e-03 9.521638544087385192e-03 -1.395801418804631933e-02 8.277518277860940188e-03 -1.089372182261938438e-02 2.500000000000001110e-01 -4.587701243838115950e-03 -3.405407523088488375e-03 -2.763970506787449821e-03 -5.215888217728337217e-03 -4.436375643958934134e-03 8.002128560550270109e-04
-3.118625777465844351e-02 1.757290696630919857e-02 3.722781982841871784e-02 1.092471860929655758e-02 -1.757290696630919857e-02 1.965491286210951927e-02 -6.648188357012640992e-03 -3.722781982841871784e-02 -1.965491286210951927e-02 -1.950145016986704061e-02 5.981211016183067830e-01 -2.630310121912216026e-02 1.950145016986704061e-02 4.018788983816932170e-01 -1.092471860929655758e-02 6.648188357012640992e-03 2.630310121912216026e-02 -8.574592547946346954e-03 -1.004274953877493104e-02 -6.302800580856859902e-03 8.574592547946346954e-03 -9.310510085144496628e-03 -5.447180687825792234e-03 6.302800580856859902e-03 -9.187129645743863371e-03 5.447180687825792234e-03 -6.238793221683303081e-03 1.110223024625156540e-16 -2.893571700739894226e-03 -2.204074528026733759e-03 -1.778627252538189651e-03 -3.411859705203523774e-03 -2.884329064887003469e-03 5.433850869350220769e-04
-2.428815089049241038e-03 -9.956901994062183903e-03 1.010142846992736487e-01 -5.326971604172547892e-02 9.956901994062183903e-03 1.109711866933358326e-01 -4.331281404766329501e-02 -1.010142846992736487e-01 -1.109711866933358326e-01 -2.981215200753351002e-02 -2.630310121912227128e-02 8.457159992590008724e-01 2.981215200753351002e-02 2.630310121912227128e-02 5.326971604172547892e-02 4.331281404766329501e-02 1.542840007409991276e-01 -3.751256143969627921e-02 -3.777568009470844146e-02 -3.747226826008964728e-02 3.751256143969627921e-02 3.989552729284806531e-03 2.399999032413724365e-03 3.747226826008964728e-02 2.096587197794930191e-03 -2.399999032413724365e-03 1.712452824357624248e-02 -1.110223024625156540e-16 1.381060210358935336e-01 4.123899551396892349e-02 4.469146916643129686e-02 2.392372467754189103e-02 3.956885545788457748e-02 1.807281359784934649e-02
-2.244899014125500969e-06 -1.712827408152195474e-02 -3.672813135943475693e-02 -6.915979351900802818e-03 1.712827408152195474e-02 -1.959985727791280219e-02 1.021229472962115192e-02 3.672813135943475693e-02 1.959985727791280219e-02 2.770991207184815286e-01 1.950145016986748470e-02 2.981215200753395411e-02 7.229008792815184714e-01 -1.950145016986748470e-02 6.915979351900802818e-03 -1.021229472962115192e-02 -2.981215200753395411e-02 1.297239563073226964e-02 1.520213445427276433e-02 9.521638544087385192e-03 -1.297239563073226964e-02 1.414806433028026333e-02 8.277518277860940188e-03 -9.521638544087385192e-03 1.395801418804631933e-02 -8.277518277860940188e-03 1.089372182261938438e-02 -2.500000000000001110e-01 4.587701243838115950e-03 3.405407523088488375e-03 2.763970506787449821e-03 5.215888217728337217e-03 4.436375643958934134e-03 -8.002128560550270109e-04
3.118625777465844351e-02 -1.757290696630919857e-02 -3.722781982841871784e-02 -1.092471860929655758e-02 1.757290696630919857e-02 -1.965491286210951927e-02 6.648188357012640992e-03 3.722781982841871784e-02 1.965491286210951927e-02 1.950145016986704061e-02 4.018788983816932170e-01 2.630310121912216026e-02 -1.950145016986704061e-02 5.981211016183067830e-01 1.092471860929655758e-02 -6.648188357012640992e-03 -2.630310121912216026e-02 8.574592547946346954e-03 1.004274953877493104e-02 6.302800580856859902e-03 -8.574592547946346954e-03 9.310510085144496628e-03 5.447180687825792234e-03 -6.302800580856859902e-03 9.187129645743863371e-03 -5.447180687825792234e-03 6.238793221683303081e-03 -1.110223024625156540e-16 2.893571700739894226e-03 2.204074528026733759e-03 1.778627252538189651e-03 3.411859705203523774e-03 2.884329064887003469e-03 -5.433850869350220769e-04
-4.998290370115932024e-02 4.117077789478351679e-02 3.671060340448373260e-02 8.998031944620898948e-02 -4.117077789478351679e-02 -4.460174490299784189e-03 4.880954155142547268e-02 -3.671060340448373260e-02 4.460174490299784189e-03 -6.915979351901135885e-03 -1.092471860929622451e-02 5.326971604172525687e-02 6.915979351901135885e-03 1.092471860929622451e-02 9.100196805537910105e-01 -4.880954155142547268e-02 -5.326971604172525687e-02 2.350250553011556942e-02 2.227650696613991954e-02 2.571225983459801689e-02 -2.350250553011556942e-02 -1.259736751307194424e-02 -7.426333006963159455e-03 -2.571225983459801689e-02 -1.086208587542125681e-02 7.426333006963159455e-03 1.269254830411956636e-01 -1.110223024625156540e-16 -1.205683047085062132e-01 -3.732587160716316355e-02 -3.984821035822372348e-02 -2.376084584113613563e-02 -3.657434571001927370e-02 -1.486699225614357411e-02
1.022481830796018176e-02 -1.237183932678945775e-01 5.496727503761955624e-03 4.880954155142580575e-02 1.237183932678945775e-01 1.292151207716565331e-01 1.725279348193203832e-01 -5.496727503761955624e-03 -1.292151207716565331e-01 1.021229472962137397e-02 6.648188357013862237e-03 4.331281404766385013e-02 -1.021229472962137397e-02 -6.648188357013862237e-03 -4.880954155142580575e-02 8.274720651806796168e-01 -4.331281404766385013e-02 4.289930848436540600e-02 4.408690109297086490e-02 4.142837804132648571e-02 -4.289930848436540600e-02 1.875090874572604704e-03 1.031175709007903230e-03 -4.142837804132648571e-02 3.689698760652282417e-03 -1.031175709007903230e-03 -1.284139948250162533e-02 -7.771561172376095783e-16 -1.362357027997472825e-01 -3.983662500118734240e-02 -4.355581972660127477e-02 -2.176678769681217318e-02 -3.773867928067420330e-02 -1.840871308359676162e-02
2.428815089049241038e-03 9.956901994062183903e-03 -1.010142846992736487e-01 5.326971604172547892e-02 -9.956901994062183903e-03 -1.109711866933358326e-01 4.331281404766329501e-02 1.010142846992736487e-01 1.109711866933358326e-01 2.981215200753351002e-02 2.630310121912227128e-02 1.542840007409991276e-01 -2.981215200753351002e-02 -2.630310121912227128e-02 -5.326971604172547892e-02 -4.331281404766329501e-02 8.457159992590008724e-01 3.751256143969627921e-02 3.777568009470844146e-02 3.747226826008964728e-02 -3.751256143969627921e-02 -3.989552729284806531e-03 -2.399999032413724365e-03 -3.747226826008964728e-02 -2.096587197794930191e-03 2.399999032413724365e-03 -1.712452824357624248e-02 1.110223024625156540e-16 -1.381060210358935336e-01 -4.123899551396892349e-02 -4.469146916643129686e-02 -2.392372467754189103e-02 -3.956885545788457748e-02 -1.807281359784934649e-02
6.319517832144572189e-03 1.939680295425016965e-02 1.401005590958059877e-02 -2.350250553011545840e-02 -1.939680295425016965e-02 -5.386747044669570883e-03 -4.289930848436562805e-02 -1.401005590958059877e-02 5.386747044669570883e-03 -1.297239563073260271e-02 -8.574592547945791843e-03 -3.751256143969605716e-02 1.297239563073260271e-02 8.574592547945791843e-03 2.350250553011545840e-02 4.289930848436562805e-02 3.751256143969605716e-02 8.624560927056320603e-01 -7.708739446532930639e-02 -2.993135213561481933e-03 1.375439072943679397e-01 1.988954090732653057e-02 3.310490552653189145e-02 2.993135213561481933e-03 -4.098935372523593301e-02 -3.310490552653189145e-02 -2.165565544749037397e-02 -3.330669073875469621e-16 -1.137100615190815844e-01 2.178899610307331036e-01 9.168815241110461756e-03 7.307802577356070639e-02 -3.799621851167445108e-02 2.714541197619269042e-03
6.560504758681195980e-03 2.181039412683039025e-02 1.549917312856874396e-02 -2.227650696613947545e-02 -2.181039412683039025e-02 -6.311220998261646287e-03 -4.408690109296986570e-02 -1.549917312856874396e-02 6.311220998261646287e-03 -1.520213445427276433e-02 -1.004274953877470899e-02 -3.777568009470821941e-02 1.520213445427276433e-02 1.004274953877470899e-02 2.227650696613947545e-02 4.408690109296986570e-02 3.777568009470821941e-02 -7.708739446532919537e-02 8.812905634197391036e-01 -2.904348990377181305e-02 7.708739446532919537e-02 -2.707971902903394401e-02 2.708919776337559426e-02 2.904348990377181305e-02 -6.257674891311348908e-02 -2.708919776337559426e-02 -2.371579964058190271e-02 -2.220446049250313081e-16 -1.207012327955443443e-01 8.385633321363550330e-03 2.019629995444659487e-01 4.391048408775943823e-02 -3.353325900934167603e-02 4.914494567129135127e-02
5.996709227056307157e-03 1.571611820672813575e-02 1.176000842549207448e-02 -2.571225983459746178e-02 -1.571611820672813575e-02 -3.956109781236061274e-03 -4.142837804132559754e-02 -1.176000842549207448e-02 3.956109781236061274e-03 -9.521638544087940303e-03 -6.302800580856748880e-03 -3.747226826008953626e-02 9.521638544087940303e-03 6.302800580856748880e-03 2.571225983459746178e-02 4.142837804132559754e-02 3.747226826008953626e-02 -2.993135213561815000e-03 -2.904348990377225714e-02 8.237884766489184107e-01 2.993135213561815000e-03 -1.097127470896641643e-02 -7.049823310863034820e-02 1.762115233510815893e-01 7.666980033867898392e-02 7.049823310863034820e-02 -1.856596972618085317e-02 -2.220446049250313081e-16 -1.036352423324030658e-01 -3.402849418561504358e-02 -3.253085334036232013e-04 -1.408121068185064217e-02 2.528813236897605732e-01 3.849073675276304396e-02
-6.319517832144572189e-03 -1.939680295425016965e-02 -1.401005590958059877e-02 2.350250553011545840e-02 1.939680295425016965e-02 5.386747044669570883e-03 4.289930848436562805e-02 1.401005590958059877e-02 -5.386747044669570883e-03 1.297239563073260271e-02 8.574592547945791843e-03 3.751256143969605716e-02 -1.297239563073260271e-02 -8.574592547945791843e-03 -2.350250553011545840e-02 -4.289930848436562805e-02 -3.751256143969605716e-02 1.375439072943679397e-01 7.708739446532930639e-02 2.993135213561481933e-03 8.624560927056320603e-01 -1.988954090732653057e-02 -3.310490552653189145e-02 -2.993135213561481933e-03 4.098935372523593301e-02 3.310490552653189145e-02 2.165565544749037397e-02 3.330669073875469621e-16 1.137100615190815844e-01 -2.178899610307331036e-01 -9.168815241110461756e-03 -7.307802577356070639e-02 3.799621851167445108e-02 -2.714541197619269042e-03
7.556983191444599512e-04 1.447245838764366077e-02 8.607814783787692825e-03 1.259736751307194424e-02 -1.447245838764366077e-02 -5.864643603855967946e-03 -1.875090874571716526e-03 -8.607814783787692825e-03 5.864643603855967946e-03 -1.414806433028037436e-02 -9.310510085144940717e-03 3.989552729284251420e-03 1.414806433028037436e-02 9.310510085144940717e-03 -1.259736751307194424e-02 1.875090874571716526e-03 -3.989552729284251420e-03 1.988954090732664159e-02 -2.707971902903405503e-02 -1.097127470896652746e-02 -1.988954090732664159e-02 8.728393487418504293e-01 -9.528200477810666591e-03 1.097127470896652746e-02 -2.563664479787819417e-02 9.528200477810666591e-03 -1.155110353368482556e-02 6.661338147750939243e-16 -3.287328219845842003e-02 -1.940194521018369089e-01 -1.567061283420478901e-02 1.723851543962006128e-01 -1.466537008891166671e-02 -1.515533593102746934e-04
4.331312556992150675e-04 8.457508715971173707e-03 5.026333974549435091e-03 7.426333006962937411e-03 -8.457508715971173707e-03 -3.431174741421738617e-03 -1.031175709008236296e-03 -5.026333974549435091e-03 3.431174741421738617e-03 -8.277518277861273255e-03 -5.447180687826014278e-03 2.399999032413502320e-03 8.277518277861273255e-03 5.447180687826014278e-03 -7.426333006962937411e-03 1.031175709008236296e-03 -2.399999032413502320e-03 3.310490552653133633e-02 2.708919776337503915e-02 -7.049823310863079229e-02 -3.310490552653133633e-02 -9.528200477810777613e-03 8.660030388646722255e-01 7.049823310863079229e-02 -3.640953026332194309e-02 1.339969611353277745e-01 -6.740432183712230518e-03 2.220446049250313081e-16 -1.909928614909262024e-02 -4.864881376749841113e-02 -1.585829438502009969e-01 -5.353042331188873071e-02 3.408870284530884920e-02 1.918636277936466294e-01
-5.996709227056307157e-03 -1.571611820672813575e-02 -1.176000842549207448e-02 2.571225983459746178e-02 1.571611820672813575e-02 3.956109781236061274e-03 4.142837804132559754e-02 1.176000842549207448e-02 -3.956109781236061274e-03 9.521638544087940303e-03 6.302800580856748880e-03 3.747226826008953626e-02 -9.521638544087940303e-03 -6.302800580856748880e-03 -2.571225983459746178e-02 -4.142837804132559754e-02 -3.747226826008953626e-02 2.993135213561815000e-03 2.904348990377225714e-02 1.762115233510815893e-01 -2.993135213561815000e-03 1.097127470896641643e-02 7.049823310863034820e-02 8.237884766489184107e-01 -7.666980033867898392e-02 -7.049823310863034820e-02 1.856596972618085317e-02 2.220446049250313081e-16 1.036352423324030658e-01 3.402849418561504358e-02 3.253085334036232013e-04 1.408121068185064217e-02 -2.528813236897605732e-01 -3.849073675276304396e-02
9.969267873241038913e-04 1.455178463607342820e-02 8.765498677626104573e-03 1.086208587542092374e-02 -1.455178463607342820e-02 -5.786285958447323630e-03 -3.689698760652504461e-03 -8.765498677626104573e-03 5.786285958447323630e-03 -1.395801418804609728e-02 -9.187129645743974393e-03 2.096587197794819168e-03 1.395801418804609728e-02 9.187129645743974393e-03 -1.086208587542092374e-02 3.689698760652504461e-03 -2.096587197794819168e-03 -4.098935372523604403e-02 -6.257674891311360010e-02 7.666980033867898392e-02 4.098935372523604403e-02 -2.563664479787830519e-02 -3.640953026332183207e-02 -7.666980033867898392e-02 8.243439204848855839e-01 3.640953026332183207e-02 -1.189026209811328005e-02 2.220446049250313081e-16 -3.616527661223389867e-02 -6.234686260519817225e-03 4.370536422766857498e-02 4.461271457721349698e-03 -2.523258798537934000e-01 2.025178367121749368e-01
-4.331312556992150675e-04 -8.457508715971173707e-03 -5.026333974549435091e-03 -7.426333006962937411e-03 8.457508715971173707e-03 3.431174741421738617e-03 1.031175709008236296e-03 5.026333974549435091e-03 -3.431174741421738617e-03 8.277518277861273255e-03 5.447180687826014278e-03 -2.399999032413502320e-03 -8.277518277861273255e-03 -5.447180687826014278e-03 7.426333006962937411e-03 -1.031175709008236296e-03 2.399999032413502320e-03 -3.310490552653133633e-02 -2.708919776337503915e-02 7.049823310863079229e-02 3.310490552653133633e-02 9.528200477810777613e-03 1.339969611353277745e-01 -7.049823310863079229e-02 3.640953026332194309e-02 8.660030388646722255e-01 6.740432183712230518e-03 -2.220446049250313081e-16 1.909928614909262024e-02 4.864881376749841113e-02 1.585829438502009969e-01 5.353042331188873071e-02 -3.408870284530884920e-02 -1.918636277936466294e-01
-1.380045485857148702e-01 -1.397668825236959567e-01 -1.440500112847715730e-01 -1.269254830411952195e-01 1.397668825236959567e-01 -4.283128761075616353e-03 1.284139948250073715e-02 1.440500112847715730e-01 4.283128761075616353e-03 -1.089372182261960642e-02 -6.238793221683081036e-03 1.712452824357635350e-02 1.089372182261960642e-02 6.238793221683081036e-03 1.269254830411952195e-01 -1.284139948250073715e-02 -1.712452824357635350e-02 -2.165565544749048499e-02 -2.371579964058190271e-02 -1.856596972618018704e-02 2.165565544749048499e-02 -1.155110353368438147e-02 -6.740432183711675407e-03 1.856596972618018704e-02 -1.189026209811339108e-02 6.740432183711675407e-03 2.636281759893753796e-01 2.109423746787797427e-15 3.302213050086555413e-02 8.044407720714685794e-03 9.544552309368681264e-03 1.775644179522029020e-03 6.675707628066795962e-03 5.570962109513466487e-03
0.000000000000000000e+00 0.000000000000000000e+00 0.000000000000000000e+00 0.000000000000000000e+00 0.000000000000000000e+00 0.000000000000000000e+00 0.000000000000000000e+00 0.000000000000000000e+00 0.000000000000000000e+00 2.500000000000000000e-01 0.000000000000000000e+00 0.000000000000000000e+00 -2.500000000000000000e-01 0.000000000000000000e+00 0.000000000000000000e+00 0.000000000000000000e+00 0.000000000000000000e+00 0.000000000000000000e+00 0.000000000000000000e+00 0.000000000000000000e+00 0.000000000000000000e+00 0.000000000000000000e+00 0.000000000000000000e+00 0.000000000000000000e+00 0.000000000000000000e+00 0.000000000000000000e+00 0.000000000000000000e+00 5.000000000000000000e-01 0.000000000000000000e+00 0.000000000000000000e+00 0.000000000000000000e+00 0.000000000000000000e+00 0.000000000000000000e+00 0.000000000000000000e+00
-1.845253848626771109e-02 -1.566739809123973703e-02 -1.753771632738576614e-02 1.205683047085078785e-01 1.566739809123973703e-02 -1.870318236146029101e-03 1.362357027997476155e-01 1.753771632738576614e-02 1.870318236146029101e-03 -4.587701243840225374e-03 -2.893571700738117869e-03 1.381060210358936446e-01 4.587701243840225374e-03 2.893571700738117869e-03 -1.205683047085078785e-01 -1.362357027997476155e-01 -1.381060210358936446e-01 -1.137100615190810293e-01 -1.207012327955434561e-01 -1.036352423324005123e-01 1.137100615190810293e-01 -3.287328219845842003e-02 -1.909928614909195410e-02 1.036352423324005123e-01 -3.616527661223489787e-02 1.909928614909195410e-02 3.302213050086644230e-02 -1.110223024625156540e-15 2.670434348088258636e-01 7.384560804416018254e-02 8.271100700091793545e-02 3.345594096397930262e-02 6.746996572016561444e-02 3.900170468408525881e-02
-5.322832586463377424e-03 -2.510753394026288277e-03 -3.913123906804760743e-03 3.732587160716338559e-02 2.510753394026288277e-03 -1.402370512778472467e-03 3.983662500118967387e-02 3.913123906804760743e-03 1.402370512778472467e-03 -3.405407523087933264e-03 -2.204074528027955004e-03 4.123899551396814633e-02 3.405407523087933264e-03 2.204074528027955004e-03 -3.732587160716338559e-02 -3.983662500118967387e-02 -4.123899551396814633e-02 2.178899610307331036e-01 8.385633321363772374e-03 -3.402849418561537664e-02 -2.178899610307331036e-01 -1.940194521018362428e-01 -4.864881376749896624e-02 3.402849418561537664e-02 -6.234686260519817225e-03 4.864881376749896624e-02 8.044407720714130683e-03 9.992007221626408864e-16 7.384560804416029356e-02 3.785862591580613223e-01 1.679547562280396811e-01 7.013958693683797208e-02 2.779380792509555942e-02 4.356430991674253850e-02
-5.853649036910657522e-03 -3.707609368375996972e-03 -4.843258808207906441e-03 3.984821035822239121e-02 3.707609368375996972e-03 -1.135649439831909469e-03 4.355581972659838819e-02 4.843258808207906441e-03 1.135649439831909469e-03 -2.763970506788560044e-03 -1.778627252538300674e-03 4.469146916643029765e-02 2.763970506788560044e-03 1.778627252538300674e-03 -3.984821035822239121e-02 -4.355581972659838819e-02 -4.469146916643029765e-02 9.168815241109573577e-03 2.019629995444651716e-01 -3.253085334048444466e-04 -9.168815241109573577e-03 -1.567061283420523310e-02 -1.585829438502015520e-01 3.253085334048444466e-04 4.370536422766846396e-02 1.585829438502015520e-01 9.544552309368015131e-03 7.771561172376095783e-16 8.271100700091882363e-02 1.679547562280407913e-01 2.381950751644168474e-01 1.332793303681544250e-01 4.403067276107330841e-02 4.970631981570083902e-02
-2.789949262212321202e-03 1.994058144325738802e-03 -1.628788364073097128e-04 2.376084584113657971e-02 -1.994058144325738802e-03 -2.156936980733048514e-03 2.176678769681084091e-02 1.628788364073097128e-04 2.156936980733048514e-03 -5.215888217727449039e-03 -3.411859705202857640e-03 2.392372467754388943e-02 5.215888217727449039e-03 3.411859705202857640e-03 -2.376084584113657971e-02 -2.176678769681084091e-02 -2.392372467754388943e-02 7.307802577355948515e-02 4.391048408775954925e-02 -1.408121068185075320e-02 -7.307802577355948515e-02 1.723851543962015009e-01 -5.353042331188939684e-02 1.408121068185075320e-02 4.461271457720905609e-03 5.353042331188939684e-02 1.775644179522806176e-03 -1.110223024625156540e-15 3.345594096397697115e-02 7.013958693684207990e-02 1.332793303681524266e-01 2.422977467236624438e-01 1.854248213957165881e-02 3.625271613658509473e-02
-4.999782439732203265e-03 -1.164333570654707550e-03 -2.994509747865969906e-03 3.657434571001838552e-02 1.164333570654707550e-03 -1.830176177211262356e-03 3.773867928067309307e-02 2.994509747865969906e-03 1.830176177211262356e-03 -4.436375643958156978e-03 -2.884329064887225513e-03 3.956885545788435543e-02 4.436375643958156978e-03 2.884329064887225513e-03 -3.657434571001838552e-02 -3.773867928067309307e-02 -3.956885545788435543e-02 -3.799621851167422903e-02 -3.353325900934134296e-02 2.528813236897604622e-01 3.799621851167422903e-02 -1.466537008891188876e-02 3.408870284530851613e-02 -2.528813236897604622e-01 -2.523258798537932890e-01 -3.408870284530851613e-02 6.675707628067573118e-03 4.440892098500626162e-16 6.746996572016905613e-02 2.779380792509522635e-02 4.403067276107219818e-02 1.854248213957199187e-02 4.947927964564462489e-01 1.640270999594117818e-01
-2.543518059985538926e-03 -3.541720827453076481e-03 -3.205821341705661354e-03 1.486699225614412923e-02 3.541720827453076481e-03 3.358994857474151274e-04 1.840871308359720571e-02 3.205821341705661354e-03 -3.358994857474151274e-04 8.002128560550825220e-04 5.433850869353551438e-04 1.807281359784979058e-02 -8.002128560550825220e-04 -5.433850869353551438e-04 -1.486699225614412923e-02 -1.840871308359720571e-02 -1.807281359784979058e-02 2.714541197620046198e-03 4.914494567129235048e-02 3.849073675276326600e-02 -2.714541197620046198e-03 -1.515533593101636711e-04 1.918636277936460743e-01 -3.849073675276326600e-02 2.025178367121751588e-01 -1.918636277936460743e-01 5.570962109513299954e-03 -4.440892098500626162e-16 3.900170468408453717e-02 4.356430991674209441e-02 4.970631981569895164e-02 3.625271613658431757e-02 1.640270999594118928e-01 4.145888584413909284e-01
