41
1 1 2 1 1 1 1
2 1 3 1 1 1 1
3 2 1 1 1 2 1
4 2 12 1 1 2 1
5 3 1 1 1 3 1
6 3 5 1 1 3 1
7 3 12 1 1 3 1
8 5 3 1 1 5 1
9 5 4 1 1 5 1
10 5 6 1 1 5 1
11 5 8 1 1 5 1
12 5 11 1 1 5 1
13 6 5 1 1 6 1
14 6 7 1 1 6 1
15 7 6 1 1 7 1
16 7 12 1 1 7 1
17 8 5 1 1 8 1
20 11 4 1 1 11 1
21 11 5 1 1 11 1
22 11 13 1 1 11 1
23 12 2 1 1 12 1
24 12 3 1 1 12 1
25 12 7 1 1 12 1
26 12 14 1 1 12 1
27 12 16 1 1 12 1
28 13 11 1 1 13 1
30 14 12 1 1 14 1
36 16 12 1 1 16 1
242 117 12 1 1 117 1
245 1 1 1 2 1 1
246 2 2 1 2 2 1
247 3 3 1 2 3 1
248 4 4 1 2 4 1
249 5 5 1 2 5 1
250 6 6 1 2 6 1
251 7 7 1 2 7 1
252 8 8 1 2 8 1
255 11 11 1 2 11 1
256 12 12 1 2 12 1
258 14 14 1 2 14 1
332 117 117 1 2 117 1
8.482658165687150253e-01 -4.072348072014615739e-02 1.517341834312849469e-01 5.642684305416038881e-02 4.072348072014615739e-02 -2.095737872801641671e-02 -5.458385965697840070e-02 2.095737872801641671e-02 -4.139044621329378282e-03 -1.320915080221089083e-02 1.411492448976071901e-03 -1.175357001947522489e-02 1.320915080221089083e-02 -1.333113793360300725e-02 1.333113793360300725e-02 -7.086192193148085905e-03 -1.411492448976071901e-03 7.614525398145846613e-03 1.175357001947522489e-02 -1.188732572561371215e-03 -5.642684305416038881e-02 5.458385965697840070e-02 7.086192193148085905e-03 6.148308112477365861e-03 4.388227321885831977e-03 1.188732572561371215e-03 -6.148308112477365861e-03 -4.388227321885831977e-03 1.255088504660542559e-02 -1.924576641514311182e-01 2.081610264854453218e-01 -3.481775766484866003e-02 -3.475480776816461392e-03 -6.732894266022984575e-03 -1.219871313921094824e-04 6.244945740454921346e-03 -8.824416033450036001e-04 -3.693548064427051858e-03 2.510177009321061525e-02 6.275442523302976472e-03 1.255088504660542559e-02
-4.072348072014632392e-02 8.471995776566860759e-01 4.072348072014632392e-02 -8.644514986141098312e-02 1.528004223433138964e-01 -8.932821618508335337e-03 2.563179176175658935e-02 8.932821618508335337e-03 -3.716683053238606371e-03 4.026513127394271141e-03 1.281126604748819564e-02 8.329721257717387362e-03 -4.026513127394271141e-03 1.283796529338612769e-02 -1.283796529338612769e-02 1.770013495948452587e-02 -1.281126604748819564e-02 -1.204640431095599373e-02 -8.329721257717387362e-03 1.104685654083933932e-02 8.644514986141098312e-02 -2.563179176175658935e-02 -1.770013495948452587e-02 -1.287039945895351867e-03 3.645486758754867829e-04 -1.104685654083933932e-02 1.287039945895351867e-03 -3.645486758754867829e-04 5.318613249200937476e-03 -1.935239030634602342e-01 -4.572166914126465920e-02 1.694993924865621504e-01 1.576308736419460010e-02 3.038363899786955535e-02 8.811452165991856544e-03 4.862169666098398180e-03 5.422600926862169990e-03 1.690562309471346780e-02 1.063722649840151413e-02 2.659306624600454860e-03 5.318613249200937476e-03
1.517341834312849469e-01 4.072348072014615739e-02 8.482658165687150253e-01 -5.642684305416038881e-02 -4.072348072014615739e-02 2.095737872801641671e-02 5.458385965697840070e-02 -2.095737872801641671e-02 4.139044621329378282e-03 1.320915080221089083e-02 -1.411492448976071901e-03 1.175357001947522489e-02 -1.320915080221089083e-02 1.333113793360300725e-02 -1.333113793360300725e-02 7.086192193148085905e-03 1.411492448976071901e-03 -7.614525398145846613e-03 -1.175357001947522489e-02 1.188732572561371215e-03 5.642684305416038881e-02 -5.458385965697840070e-02 -7.086192193148085905e-03 -6.148308112477365861e-03 -4.388227321885831977e-03 -1.188732572561371215e-03 6.148308112477365861e-03 4.388227321885831977e-03 -1.255088504660542559e-02 1.924576641514311182e-01 -2.081610264854453218e-01 3.481775766484866003e-02 3.475480776816461392e-03 6.732894266022984575e-03 1.219871313921094824e-04 -6.244945740454921346e-03 8.824416033450036001e-04 3.693548064427051858e-03 -2.510177009321061525e-02 -6.275442523302976472e-03 -1.255088504660542559e-02
5.642684305416016677e-02 -8.644514986141112189e-02 -5.642684305416016677e-02 8.217853150694167663e-01 8.644514986141112189e-02 -3.750743055098677836e-02 -3.534269201501188951e-02 3.750743055098677836e-02 -1.075267344540384307e-02 -1.278029615365236515e-02 4.009876382160271202e-03 -1.144308891805553841e-02 1.278029615365236515e-02 -4.939150251491247756e-03 4.939150251491247756e-03 1.988418494111850177e-02 -4.009876382160271202e-03 6.904154726516953389e-04 1.144308891805553841e-02 -2.095806342515826870e-03 1.782146849305831782e-01 3.534269201501188951e-02 -1.988418494111850177e-02 -1.737555374028811050e-02 -2.551151850773895891e-02 2.095806342515826870e-03 1.737555374028811050e-02 2.551151850773895891e-02 4.572609743413967587e-02 -3.001830680725095513e-02 -2.346415279847433588e-01 1.359502729541246790e-02 1.006225797275214773e-02 6.541248416035344571e-03 7.841145902161117398e-03 2.482333519260974952e-02 1.397455685095957967e-03 2.364552550222187577e-02 9.145219486827943500e-02 2.286304871706951181e-02 4.572609743413967587e-02
4.072348072014632392e-02 1.528004223433138964e-01 -4.072348072014632392e-02 8.644514986141098312e-02 8.471995776566860759e-01 8.932821618508335337e-03 -2.563179176175658935e-02 -8.932821618508335337e-03 3.716683053238606371e-03 -4.026513127394271141e-03 -1.281126604748819564e-02 -8.329721257717387362e-03 4.026513127394271141e-03 -1.283796529338612769e-02 1.283796529338612769e-02 -1.770013495948452587e-02 1.281126604748819564e-02 1.204640431095599373e-02 8.329721257717387362e-03 -1.104685654083933932e-02 -8.644514986141098312e-02 2.563179176175658935e-02 1.770013495948452587e-02 1.287039945895351867e-03 -3.645486758754867829e-04 1.104685654083933932e-02 -1.287039945895351867e-03 3.645486758754867829e-04 -5.318613249200937476e-03 1.935239030634602342e-01 4.572166914126465920e-02 -1.694993924865621504e-01 -1.576308736419460010e-02 -3.038363899786955535e-02 -8.811452165991856544e-03 -4.862169666098398180e-03 -5.422600926862169990e-03 -1.690562309471346780e-02 -1.063722649840151413e-02 -2.659306624600454860e-03 -5.318613249200937476e-03
-2.095737872801638896e-02 -8.932821618508307582e-03 2.095737872801638896e-02 -3.750743055098663264e-02 8.932821618508307582e-03 8.547363958047686783e-01 -4.953198766049471402e-02 1.452636041952313772e-01 -2.468750927788407323e-02 9.374601883134714431e-03 -6.160681942954632229e-03 1.309634124826483670e-02 -9.374601883134714431e-03 4.345696304832216694e-02 -4.345696304832216694e-02 4.290005160327978184e-02 6.160681942954632229e-03 -3.778385052614890993e-02 -1.309634124826483670e-02 1.877263979424834139e-02 3.750743055098663264e-02 4.953198766049471402e-02 -4.290005160327978184e-02 -1.169028156752974223e-02 -4.278820172234520935e-03 -1.877263979424834139e-02 1.169028156752974223e-02 4.278820172234520935e-03 -1.815500347267806625e-02 -2.989020034652469654e-02 -1.655005182297024369e-02 -1.858627702372177837e-01 6.247135980403298317e-02 1.368863561057922507e-01 3.408236116518745251e-02 -5.569114450423851004e-04 2.167332798011897821e-02 5.052772330630644904e-02 -3.631000694535643780e-02 -9.077501736339060878e-03 -1.815500347267806625e-02
-5.458385965697845621e-02 2.563179176175661711e-02 5.458385965697845621e-02 -3.534269201501180624e-02 -2.563179176175661711e-02 -4.953198766049485280e-02 8.844416565662531760e-01 4.953198766049485280e-02 -1.117503501349462192e-02 -3.001596008325752019e-02 -7.389897216351859477e-03 -3.152638019524814372e-02 3.001596008325752019e-02 -3.110825347848039657e-02 3.110825347848039657e-02 -4.902142211514110004e-03 7.389897216351859477e-03 2.035134518175352181e-02 3.152638019524814372e-02 -1.433139545591655128e-02 3.534269201501180624e-02 1.155583434337468796e-01 4.902142211514110004e-03 -9.940205681915392777e-03 -2.148783986172861371e-02 1.433139545591655128e-02 9.940205681915392777e-03 2.148783986172861371e-02 5.295836923154415010e-02 -2.895206789522183910e-02 1.924116764196664997e-02 -1.907221228559983495e-01 -9.176310168258899891e-03 -3.057528484785729250e-02 -1.092293395222876384e-03 2.620611126696628657e-02 -4.907586845111194807e-03 3.046354343081231209e-03 1.059167384630885222e-01 2.647918461577200566e-02 5.295836923154415010e-02
2.095737872801638896e-02 8.932821618508307582e-03 -2.095737872801638896e-02 3.750743055098663264e-02 -8.932821618508307582e-03 1.452636041952313772e-01 4.953198766049471402e-02 8.547363958047686783e-01 2.468750927788407323e-02 -9.374601883134714431e-03 6.160681942954632229e-03 -1.309634124826483670e-02 9.374601883134714431e-03 -4.345696304832216694e-02 4.345696304832216694e-02 -4.290005160327978184e-02 -6.160681942954632229e-03 3.778385052614890993e-02 1.309634124826483670e-02 -1.877263979424834139e-02 -3.750743055098663264e-02 -4.953198766049471402e-02 4.290005160327978184e-02 1.169028156752974223e-02 4.278820172234520935e-03 1.877263979424834139e-02 -1.169028156752974223e-02 -4.278820172234520935e-03 1.815500347267806625e-02 2.989020034652469654e-02 1.655005182297024369e-02 1.858627702372177837e-01 -6.247135980403298317e-02 -1.368863561057922507e-01 -3.408236116518745251e-02 5.569114450423851004e-04 -2.167332798011897821e-02 -5.052772330630644904e-02 3.631000694535643780e-02 9.077501736339060878e-03 1.815500347267806625e-02
-4.139044621329267259e-03 -3.716683053238550860e-03 4.139044621329267259e-03 -1.075267344540396103e-02 3.716683053238550860e-03 -2.468750927788407323e-02 -1.117503501349467743e-02 2.468750927788407323e-02 8.231973828406584648e-01 3.383895461657437931e-02 3.962818587531802272e-02 -5.562682350483699745e-02 -3.383895461657437931e-02 -3.207575463381601155e-03 3.207575463381601155e-03 -1.711890488880338235e-02 -3.962818587531802272e-02 -1.211757936545045933e-01 5.562682350483699745e-02 2.461969571638261689e-02 1.075267344540396103e-02 1.117503501349467743e-02 1.711890488880338235e-02 -4.098851798521457868e-03 6.293354787448773857e-03 -2.461969571638261689e-02 4.098851798521457868e-03 -6.293354787448773857e-03 -9.299393810865613785e-03 -7.855727674567818120e-03 -6.613628824074693768e-03 -3.214586123814019980e-02 2.979784108138461840e-01 -1.342747908944021129e-01 -3.704653007995598046e-02 -1.391132942542178119e-02 -2.011696193316406256e-02 2.821002333594141431e-02 -1.859878762173144962e-02 -4.649696905432987304e-03 -9.299393810865613785e-03
-1.320915080221089083e-02 4.026513127394076852e-03 1.320915080221089083e-02 -1.278029615365266353e-02 -4.026513127394076852e-03 9.374601883134575653e-03 -3.001596008325763121e-02 -9.374601883134575653e-03 3.383895461657443482e-02 8.104276935550265293e-01 2.854137696404013269e-02 1.151180151567399168e-02 1.895723064449734707e-01 4.447295724447802856e-02 -4.447295724447802856e-02 1.057087872341032353e-01 -2.854137696404013269e-02 2.232715310090044314e-02 -1.151180151567399168e-02 -3.356536023764844501e-03 1.278029615365266353e-02 3.001596008325763121e-02 -1.057087872341032353e-01 1.530194519356162242e-02 1.305530672514221280e-02 3.356536023764844501e-03 -1.530194519356162242e-02 -1.305530672514221280e-02 5.449028134525385481e-03 -9.182637674816813977e-03 4.288546485582273027e-04 -2.466787132751713241e-02 -5.616610771747487796e-02 -1.250547752318194872e-01 2.340452636894514993e-01 6.123582998962520674e-02 -1.899011796316929512e-02 -4.344354792060459158e-02 1.089805626905171465e-02 2.724514067262262529e-03 5.449028134525385481e-03
1.411492448976210679e-03 1.281126604748819564e-02 -1.411492448976210679e-03 4.009876382159875685e-03 -1.281126604748819564e-02 -6.160681942954798762e-03 -7.389897216352109277e-03 6.160681942954798762e-03 3.962818587531796721e-02 2.854137696404018820e-02 7.646935944074799707e-01 1.877339904349856203e-02 -2.854137696404018820e-02 -9.634641024664492015e-03 9.634641024664492015e-03 -2.013595121277300670e-02 2.353064055925200848e-01 2.085478683181940518e-02 -1.877339904349856203e-02 -2.132492982612954613e-02 -4.009876382159875685e-03 7.389897216352109277e-03 2.013595121277300670e-02 -1.575073936655393969e-02 -3.351168114290109523e-02 2.132492982612954613e-02 1.575073936655393969e-02 3.351168114290109523e-02 -1.914611381864717021e-03 1.422275849646440632e-02 2.598383933183665007e-03 -2.636184520679510368e-02 -6.048297270713737239e-02 -1.422027617667085686e-01 -3.817601798870468022e-02 -1.050131018810851469e-02 1.292194740150606203e-01 -3.924615635470457553e-02 -3.829222763729211998e-03 -9.573056909316091101e-04 -1.914611381864717021e-03
-1.175357001947515551e-02 8.329721257717331850e-03 1.175357001947515551e-02 -1.144308891805576739e-02 -8.329721257717331850e-03 1.309634124826461465e-02 -3.152638019524825475e-02 -1.309634124826461465e-02 -5.562682350483677540e-02 1.151180151567399168e-02 1.877339904349856203e-02 9.033972387647479785e-01 -1.151180151567399168e-02 -2.418800705427870401e-02 2.418800705427870401e-02 -3.194651590490815707e-02 -1.877339904349856203e-02 4.097593773041519061e-02 9.660276123525196601e-02 -1.056535600495916993e-02 1.144308891805576739e-02 3.152638019524825475e-02 3.194651590490815707e-02 -1.476442470270225571e-02 -1.172860772617911884e-03 1.056535600495916993e-02 1.476442470270225571e-02 1.172860772617911884e-03 2.332886583717524998e-03 -3.423848761757823655e-03 3.104811014193881169e-04 -2.675976020470097194e-02 1.465088577442158480e-02 -1.350407254291808024e-01 -3.569980856995269569e-02 -7.758508850629453057e-03 -2.084295425164803262e-02 1.789933827524470833e-01 4.665773167435383062e-03 1.166443291858609843e-03 2.332886583717524998e-03
1.320915080221089083e-02 -4.026513127394076852e-03 -1.320915080221089083e-02 1.278029615365266353e-02 4.026513127394076852e-03 -9.374601883134575653e-03 3.001596008325763121e-02 9.374601883134575653e-03 -3.383895461657443482e-02 1.895723064449734707e-01 -2.854137696404013269e-02 -1.151180151567399168e-02 8.104276935550265293e-01 -4.447295724447802856e-02 4.447295724447802856e-02 -1.057087872341032353e-01 2.854137696404013269e-02 -2.232715310090044314e-02 1.151180151567399168e-02 3.356536023764844501e-03 -1.278029615365266353e-02 -3.001596008325763121e-02 1.057087872341032353e-01 -1.530194519356162242e-02 -1.305530672514221280e-02 -3.356536023764844501e-03 1.530194519356162242e-02 1.305530672514221280e-02 -5.449028134525385481e-03 9.182637674816813977e-03 -4.288546485582273027e-04 2.466787132751713241e-02 5.616610771747487796e-02 1.250547752318194872e-01 -2.340452636894514993e-01 -6.123582998962520674e-02 1.899011796316929512e-02 4.344354792060459158e-02 -1.089805626905171465e-02 -2.724514067262262529e-03 -5.449028134525385481e-03
-1.333113793360289623e-02 1.283796529338612769e-02 1.333113793360289623e-02 -4.939150251491428167e-03 -1.283796529338612769e-02 4.345696304832216694e-02 -3.110825347848045208e-02 -4.345696304832216694e-02 -3.207575463381628911e-03 4.447295724447780652e-02 -9.634641024664464259e-03 -2.418800705427884279e-02 -4.447295724447780652e-02 8.371399043100771209e-01 1.628600956899229346e-01 4.382192191864250908e-02 9.634641024664464259e-03 2.098043159089721388e-02 2.418800705427884279e-02 -1.209556820902984997e-02 4.939150251491428167e-03 3.110825347848045208e-02 -4.382192191864250908e-02 6.672353726602048285e-03 1.816640042539785505e-03 1.209556820902984997e-02 -6.672353726602048285e-03 -1.816640042539785505e-03 1.703056168433150774e-02 -4.931726402167685430e-04 8.391987682111468061e-03 -4.892557235444128239e-04 -1.777285612751558497e-02 -3.601422934616929639e-02 -2.073330529344007411e-01 2.066820176085654437e-01 -5.992526137962667088e-03 -1.730433903637756954e-02 3.406112336866347345e-02 8.515280842165684483e-03 1.703056168433150774e-02
1.333113793360289623e-02 -1.283796529338612769e-02 -1.333113793360289623e-02 4.939150251491428167e-03 1.283796529338612769e-02 -4.345696304832216694e-02 3.110825347848045208e-02 4.345696304832216694e-02 3.207575463381628911e-03 -4.447295724447780652e-02 9.634641024664464259e-03 2.418800705427884279e-02 4.447295724447780652e-02 1.628600956899229346e-01 8.371399043100771209e-01 -4.382192191864250908e-02 -9.634641024664464259e-03 -2.098043159089721388e-02 -2.418800705427884279e-02 1.209556820902984997e-02 -4.939150251491428167e-03 -3.110825347848045208e-02 4.382192191864250908e-02 -6.672353726602048285e-03 -1.816640042539785505e-03 -1.209556820902984997e-02 6.672353726602048285e-03 1.816640042539785505e-03 -1.703056168433150774e-02 4.931726402167685430e-04 -8.391987682111468061e-03 4.892557235444128239e-04 1.777285612751558497e-02 3.601422934616929639e-02 2.073330529344007411e-01 -2.066820176085654437e-01 5.992526137962667088e-03 1.730433903637756954e-02 -3.406112336866347345e-02 -8.515280842165684483e-03 -1.703056168433150774e-02
-7.086192193148280194e-03 1.770013495948472015e-02 7.086192193148280194e-03 1.988418494111891810e-02 -1.770013495948472015e-02 4.290005160327978184e-02 -4.902142211514082248e-03 -4.290005160327978184e-02 -1.711890488880335459e-02 1.057087872341034296e-01 -2.013595121277289568e-02 -3.194651590490812931e-02 -1.057087872341034296e-01 4.382192191864234254e-02 -4.382192191864234254e-02 8.026670970324603083e-01 2.013595121277289568e-02 1.482761101610477472e-02 3.194651590490812931e-02 -1.765193101737019821e-02 -1.988418494111891810e-02 4.902142211514082248e-03 1.973329029675396362e-01 -2.022422303454932124e-02 -3.208096645717609108e-02 1.765193101737019821e-02 2.022422303454932124e-02 3.208096645717609108e-02 4.863378288536532312e-02 1.061394276633643996e-02 2.697037713426719829e-02 2.029777443228097944e-02 2.291293872698579870e-03 -6.392636375660731840e-03 -6.188686531546108704e-02 -2.411548248861819788e-01 -1.598270724098238560e-03 1.326651799375697105e-02 9.726756577072981358e-02 2.431689144268311953e-02 4.863378288536532312e-02
-1.411492448976210679e-03 -1.281126604748819564e-02 1.411492448976210679e-03 -4.009876382159875685e-03 1.281126604748819564e-02 6.160681942954798762e-03 7.389897216352109277e-03 -6.160681942954798762e-03 -3.962818587531796721e-02 -2.854137696404018820e-02 2.353064055925200848e-01 -1.877339904349856203e-02 2.854137696404018820e-02 9.634641024664492015e-03 -9.634641024664492015e-03 2.013595121277300670e-02 7.646935944074799707e-01 -2.085478683181940518e-02 1.877339904349856203e-02 2.132492982612954613e-02 4.009876382159875685e-03 -7.389897216352109277e-03 -2.013595121277300670e-02 1.575073936655393969e-02 3.351168114290109523e-02 -2.132492982612954613e-02 -1.575073936655393969e-02 -3.351168114290109523e-02 1.914611381864717021e-03 -1.422275849646440632e-02 -2.598383933183665007e-03 2.636184520679510368e-02 6.048297270713737239e-02 1.422027617667085686e-01 3.817601798870468022e-02 1.050131018810851469e-02 -1.292194740150606203e-01 3.924615635470457553e-02 3.829222763729211998e-03 9.573056909316091101e-04 1.914611381864717021e-03
7.614525398145888246e-03 -1.204640431095588271e-02 -7.614525398145888246e-03 6.904154726518063612e-04 1.204640431095588271e-02 -3.778385052614868789e-02 2.035134518175357732e-02 3.778385052614868789e-02 -1.211757936545048153e-01 2.232715310090038763e-02 2.085478683181946069e-02 4.097593773041496856e-02 -2.232715310090038763e-02 2.098043159089710286e-02 -2.098043159089710286e-02 1.482761101610477472e-02 -2.085478683181946069e-02 8.378482686150802161e-01 -4.097593773041496856e-02 3.518505172134178682e-02 -6.904154726518063612e-04 -2.035134518175357732e-02 -1.482761101610477472e-02 1.066557290418079784e-02 7.466215560066685741e-03 -3.518505172134178682e-02 -1.066557290418079784e-02 -7.466215560066685741e-03 -1.163228039458313878e-02 -4.431878912809994464e-03 -6.924109925494081885e-03 -5.386101033439227859e-03 2.833275250394245992e-01 7.659345347786894465e-04 -1.346721510003284772e-03 -6.152820574792328134e-03 7.259923184839700561e-04 -1.507833594165056690e-01 -2.326456078916683268e-02 -5.816140197291597147e-03 -1.163228039458313878e-02
1.175357001947515551e-02 -8.329721257717331850e-03 -1.175357001947515551e-02 1.144308891805576739e-02 8.329721257717331850e-03 -1.309634124826461465e-02 3.152638019524825475e-02 1.309634124826461465e-02 5.562682350483677540e-02 -1.151180151567399168e-02 -1.877339904349856203e-02 9.660276123525196601e-02 1.151180151567399168e-02 2.418800705427870401e-02 -2.418800705427870401e-02 3.194651590490815707e-02 1.877339904349856203e-02 -4.097593773041519061e-02 9.033972387647479785e-01 1.056535600495916993e-02 -1.144308891805576739e-02 -3.152638019524825475e-02 -3.194651590490815707e-02 1.476442470270225571e-02 1.172860772617911884e-03 -1.056535600495916993e-02 -1.476442470270225571e-02 -1.172860772617911884e-03 -2.332886583717524998e-03 3.423848761757823655e-03 -3.104811014193881169e-04 2.675976020470097194e-02 -1.465088577442158480e-02 1.350407254291808024e-01 3.569980856995269569e-02 7.758508850629453057e-03 2.084295425164803262e-02 -1.789933827524470833e-01 -4.665773167435383062e-03 -1.166443291858609843e-03 -2.332886583717524998e-03
-1.188732572561232437e-03 1.104685654083950586e-02 1.188732572561232437e-03 -2.095806342515840748e-03 -1.104685654083950586e-02 1.877263979424839691e-02 -1.433139545591657904e-02 -1.877263979424839691e-02 2.461969571638256138e-02 -3.356536023764900012e-03 -2.132492982612949062e-02 -1.056535600495928096e-02 3.356536023764900012e-03 -1.209556820902965568e-02 1.209556820902965568e-02 -1.765193101737042025e-02 2.132492982612949062e-02 3.518505172134184233e-02 1.056535600495928096e-02 8.267737951384506179e-01 2.095806342515840748e-03 1.433139545591657904e-02 1.765193101737042025e-02 -5.402287240549133451e-02 -2.282456822766160132e-02 1.732262048615493821e-01 5.402287240549133451e-02 2.282456822766160132e-02 -6.743209524048304759e-03 9.858123968278273419e-03 -9.070737699546083110e-04 -6.605612202507687991e-03 -5.980474743772440371e-02 -2.939976593271950711e-02 -8.739032185264755670e-03 -5.556362808340764570e-03 -5.254189039468865063e-03 -1.500144763804539538e-01 -1.348641904809609604e-02 -3.371604762024194013e-03 -6.743209524048304759e-03
-5.642684305416016677e-02 8.644514986141112189e-02 5.642684305416016677e-02 1.782146849305831782e-01 -8.644514986141112189e-02 3.750743055098677836e-02 3.534269201501188951e-02 -3.750743055098677836e-02 1.075267344540384307e-02 1.278029615365236515e-02 -4.009876382160271202e-03 1.144308891805553841e-02 -1.278029615365236515e-02 4.939150251491247756e-03 -4.939150251491247756e-03 -1.988418494111850177e-02 4.009876382160271202e-03 -6.904154726516953389e-04 -1.144308891805553841e-02 2.095806342515826870e-03 8.217853150694167663e-01 -3.534269201501188951e-02 1.988418494111850177e-02 1.737555374028811050e-02 2.551151850773895891e-02 -2.095806342515826870e-03 -1.737555374028811050e-02 -2.551151850773895891e-02 -4.572609743413967587e-02 3.001830680725095513e-02 2.346415279847433588e-01 -1.359502729541246790e-02 -1.006225797275214773e-02 -6.541248416035344571e-03 -7.841145902161117398e-03 -2.482333519260974952e-02 -1.397455685095957967e-03 -2.364552550222187577e-02 -9.145219486827943500e-02 -2.286304871706951181e-02 -4.572609743413967587e-02
5.458385965697845621e-02 -2.563179176175661711e-02 -5.458385965697845621e-02 3.534269201501180624e-02 2.563179176175661711e-02 4.953198766049485280e-02 1.155583434337468796e-01 -4.953198766049485280e-02 1.117503501349462192e-02 3.001596008325752019e-02 7.389897216351859477e-03 3.152638019524814372e-02 -3.001596008325752019e-02 3.110825347848039657e-02 -3.110825347848039657e-02 4.902142211514110004e-03 -7.389897216351859477e-03 -2.035134518175352181e-02 -3.152638019524814372e-02 1.433139545591655128e-02 -3.534269201501180624e-02 8.844416565662531760e-01 -4.902142211514110004e-03 9.940205681915392777e-03 2.148783986172861371e-02 -1.433139545591655128e-02 -9.940205681915392777e-03 -2.148783986172861371e-02 -5.295836923154415010e-02 2.895206789522183910e-02 -1.924116764196664997e-02 1.907221228559983495e-01 9.176310168258899891e-03 3.057528484785729250e-02 1.092293395222876384e-03 -2.620611126696628657e-02 4.907586845111194807e-03 -3.046354343081231209e-03 -1.059167384630885222e-01 -2.647918461577200566e-02 -5.295836923154415010e-02
7.086192193148280194e-03 -1.770013495948472015e-02 -7.086192193148280194e-03 -1.988418494111891810e-02 1.770013495948472015e-02 -4.290005160327978184e-02 4.902142211514082248e-03 4.290005160327978184e-02 1.711890488880335459e-02 -1.057087872341034296e-01 2.013595121277289568e-02 3.194651590490812931e-02 1.057087872341034296e-01 -4.382192191864234254e-02 4.382192191864234254e-02 1.973329029675396362e-01 -2.013595121277289568e-02 -1.482761101610477472e-02 -3.194651590490812931e-02 1.765193101737019821e-02 1.988418494111891810e-02 -4.902142211514082248e-03 8.026670970324603083e-01 2.022422303454932124e-02 3.208096645717609108e-02 -1.765193101737019821e-02 -2.022422303454932124e-02 -3.208096645717609108e-02 -4.863378288536532312e-02 -1.061394276633643996e-02 -2.697037713426719829e-02 -2.029777443228097944e-02 -2.291293872698579870e-03 6.392636375660731840e-03 6.188686531546108704e-02 2.411548248861819788e-01 1.598270724098238560e-03 -1.326651799375697105e-02 -9.726756577072981358e-02 -2.431689144268311953e-02 -4.863378288536532312e-02
6.148308112477435250e-03 -1.287039945895268600e-03 -6.148308112477435250e-03 -1.737555374028817989e-02 1.287039945895268600e-03 -1.169028156752974223e-02 -9.940205681915476044e-03 1.169028156752974223e-02 -4.098851798521402356e-03 1.530194519356134486e-02 -1.575073936655332907e-02 -1.476442470270233898e-02 -1.530194519356134486e-02 6.672353726602131552e-03 -6.672353726602131552e-03 -2.022422303454921022e-02 1.575073936655332907e-02 1.066557290418093662e-02 1.476442470270233898e-02 -5.402287240549116798e-02 1.737555374028817989e-02 9.940205681915476044e-03 2.022422303454921022e-02 8.235796699712694124e-01 -3.040225206172669781e-03 5.402287240549116798e-02 1.764203300287305876e-01 3.040225206172669781e-03 -4.947835778882225810e-02 4.861268166582166650e-03 -2.352386185276561514e-02 -2.034344730354994968e-02 -6.566721105659534263e-03 -7.621789106685983306e-03 -8.629591466959213308e-03 -2.689657676115134177e-02 -1.635537861824298833e-03 -1.207837421029128722e-02 -9.895671557764473825e-02 2.252608211055888987e-01 -4.947835778882225810e-02
4.388227321885859733e-03 3.645486758755700496e-04 -4.388227321885859733e-03 -2.551151850773895891e-02 -3.645486758755700496e-04 -4.278820172234576447e-03 -2.148783986172866922e-02 4.278820172234576447e-03 6.293354787448801613e-03 1.305530672514218504e-02 -3.351168114290117850e-02 -1.172860772617745351e-03 -1.305530672514218504e-02 1.816640042539507949e-03 -1.816640042539507949e-03 -3.208096645717578577e-02 3.351168114290117850e-02 7.466215560066546963e-03 1.172860772617745351e-03 -2.282456822766218418e-02 2.551151850773895891e-02 2.148783986172866922e-02 3.208096645717578577e-02 -3.040225206172697536e-03 7.213961024882619144e-01 2.282456822766218418e-02 3.040225206172697536e-03 2.786038975117380856e-01 -6.217587965813023421e-02 4.752775997761429783e-03 -2.989974582962481864e-02 -2.613120870983881572e-02 -1.375957034751534858e-02 -1.105706023069336075e-02 -1.123866668260267709e-02 -3.389760649971529372e-02 -2.341679850494271520e-03 -3.022165081185423929e-02 -1.243517593162607737e-01 -3.108793982906496445e-02 -6.217587965813023421e-02
1.188732572561232437e-03 -1.104685654083950586e-02 -1.188732572561232437e-03 2.095806342515840748e-03 1.104685654083950586e-02 -1.877263979424839691e-02 1.433139545591657904e-02 1.877263979424839691e-02 -2.461969571638256138e-02 3.356536023764900012e-03 2.132492982612949062e-02 1.056535600495928096e-02 -3.356536023764900012e-03 1.209556820902965568e-02 -1.209556820902965568e-02 1.765193101737042025e-02 -2.132492982612949062e-02 -3.518505172134184233e-02 -1.056535600495928096e-02 1.732262048615493821e-01 -2.095806342515840748e-03 -1.433139545591657904e-02 -1.765193101737042025e-02 5.402287240549133451e-02 2.282456822766160132e-02 8.267737951384506179e-01 -5.402287240549133451e-02 -2.282456822766160132e-02 6.743209524048304759e-03 -9.858123968278273419e-03 9.070737699546083110e-04 6.605612202507687991e-03 5.980474743772440371e-02 2.939976593271950711e-02 8.739032185264755670e-03 5.556362808340764570e-03 5.254189039468865063e-03 1.500144763804539538e-01 1.348641904809609604e-02 3.371604762024194013e-03 6.743209524048304759e-03
-6.148308112477435250e-03 1.287039945895268600e-03 6.148308112477435250e-03 1.737555374028817989e-02 -1.287039945895268600e-03 1.169028156752974223e-02 9.940205681915476044e-03 -1.169028156752974223e-02 4.098851798521402356e-03 -1.530194519356134486e-02 1.575073936655332907e-02 1.476442470270233898e-02 1.530194519356134486e-02 -6.672353726602131552e-03 6.672353726602131552e-03 2.022422303454921022e-02 -1.575073936655332907e-02 -1.066557290418093662e-02 -1.476442470270233898e-02 5.402287240549116798e-02 -1.737555374028817989e-02 -9.940205681915476044e-03 -2.022422303454921022e-02 1.764203300287305876e-01 3.040225206172669781e-03 -5.402287240549116798e-02 8.235796699712694124e-01 -3.040225206172669781e-03 4.947835778882225810e-02 -4.861268166582166650e-03 2.352386185276561514e-02 2.034344730354994968e-02 6.566721105659534263e-03 7.621789106685983306e-03 8.629591466959213308e-03 2.689657676115134177e-02 1.635537861824298833e-03 1.207837421029128722e-02 9.895671557764473825e-02 -2.252608211055888987e-01 4.947835778882225810e-02
-4.388227321885859733e-03 -3.645486758755700496e-04 4.388227321885859733e-03 2.551151850773895891e-02 3.645486758755700496e-04 4.278820172234576447e-03 2.148783986172866922e-02 -4.278820172234576447e-03 -6.293354787448801613e-03 -1.305530672514218504e-02 3.351168114290117850e-02 1.172860772617745351e-03 1.305530672514218504e-02 -1.816640042539507949e-03 1.816640042539507949e-03 3.208096645717578577e-02 -3.351168114290117850e-02 -7.466215560066546963e-03 -1.172860772617745351e-03 2.282456822766218418e-02 -2.551151850773895891e-02 -2.148783986172866922e-02 -3.208096645717578577e-02 3.040225206172697536e-03 2.786038975117380856e-01 -2.282456822766218418e-02 -3.040225206172697536e-03 7.213961024882619144e-01 6.217587965813023421e-02 -4.752775997761429783e-03 2.989974582962481864e-02 2.613120870983881572e-02 1.375957034751534858e-02 1.105706023069336075e-02 1.123866668260267709e-02 3.389760649971529372e-02 2.341679850494271520e-03 3.022165081185423929e-02 1.243517593162607737e-01 3.108793982906496445e-02 6.217587965813023421e-02
1.255088504660557824e-02 5.318613249200743187e-03 -1.255088504660557824e-02 4.572609743413945382e-02 -5.318613249200743187e-03 -1.815500347267812176e-02 5.295836923154428888e-02 1.815500347267812176e-02 -9.299393810865641541e-03 5.449028134525440992e-03 -1.914611381864661510e-03 2.332886583717691531e-03 -5.449028134525440992e-03 1.703056168433178530e-02 -1.703056168433178530e-02 4.863378288536518435e-02 1.914611381864661510e-03 -1.163228039458333307e-02 -2.332886583717691531e-03 -6.743209524048388026e-03 -4.572609743413945382e-02 -5.295836923154428888e-02 -4.863378288536518435e-02 -4.947835778882228586e-02 -6.217587965813037298e-02 6.743209524048388026e-03 4.947835778882228586e-02 6.217587965813037298e-02 5.574156756271646529e-01 1.786949829580632143e-02 3.317521238753387558e-02 2.948475250966542394e-02 2.093167420544897461e-02 1.472291299819095123e-02 1.158153354980634431e-02 3.160322120103339905e-02 2.289714915125584671e-03 4.807210961815530648e-02 1.148313512543289727e-01 2.870783781358204889e-02 -4.425843243728352916e-01
-1.924576641514312847e-01 -1.935239030634600677e-01 1.924576641514312847e-01 -3.001830680725059430e-02 1.935239030634600677e-01 -2.989020034652473123e-02 -2.895206789522181134e-02 2.989020034652473123e-02 -7.855727674567991592e-03 -9.182637674816640505e-03 1.422275849646426060e-02 -3.423848761757830594e-03 9.182637674816640505e-03 -4.931726402168656875e-04 4.931726402168656875e-04 1.061394276633642608e-02 -1.422275849646426060e-02 -4.431878912810160998e-03 3.423848761757830594e-03 9.858123968277954230e-03 3.001830680725059430e-02 2.895206789522181134e-02 -1.061394276633642608e-02 4.861268166582027872e-03 4.752775997761332638e-03 -9.858123968277954230e-03 -4.861268166582027872e-03 -4.752775997761332638e-03 1.786949829580636306e-02 6.140184327851085921e-01 1.624393573441806904e-01 1.346816348217134696e-01 1.228760658737815259e-02 2.365074473184658466e-02 8.689465034599774818e-03 1.110711540655329177e-02 4.540159323517117818e-03 1.321207503028637431e-02 3.573899659161233755e-02 8.934749147903431332e-03 1.786949829580636306e-02
2.081610264854450998e-01 -4.572166914126496451e-02 -2.081610264854450998e-01 -2.346415279847435531e-01 4.572166914126496451e-02 -1.655005182297035471e-02 1.924116764196651119e-02 1.655005182297035471e-02 -6.613628824074471724e-03 4.288546485585326140e-04 2.598383933184192363e-03 3.104811014196934282e-04 -4.288546485585326140e-04 8.391987682111745617e-03 -8.391987682111745617e-03 2.697037713426658767e-02 -2.598383933184192363e-03 -6.924109925494165152e-03 -3.104811014196934282e-04 -9.070737699544695332e-04 2.346415279847435531e-01 -1.924116764196651119e-02 -2.697037713426658767e-02 -2.352386185276547637e-02 -2.989974582962479088e-02 9.070737699544695332e-04 2.352386185276547637e-02 2.989974582962479088e-02 3.317521238753423640e-02 1.624393573441801353e-01 5.571974455298113194e-01 4.841278496026112099e-02 1.353773874956863688e-02 1.327414268205831527e-02 7.963133033553213003e-03 1.857838945215484205e-02 2.279897288440968506e-03 2.733907356664883048e-02 6.635042477506877812e-02 1.658760619376650758e-02 3.317521238753423640e-02
-3.481775766484852125e-02 1.694993924865621782e-01 3.481775766484852125e-02 1.359502729541254423e-02 -1.694993924865621782e-01 -1.858627702372178392e-01 -1.907221228559981552e-01 1.858627702372178392e-01 -3.214586123814011653e-02 -2.466787132751713241e-02 -2.636184520679471510e-02 -2.675976020470072214e-02 2.466787132751713241e-02 -4.892557235443295571e-04 4.892557235443295571e-04 2.029777443228114597e-02 2.636184520679471510e-02 -5.386101033439394392e-03 2.675976020470072214e-02 -6.605612202507521458e-03 -1.359502729541254423e-02 1.907221228559981552e-01 -2.029777443228114597e-02 -2.034344730354978315e-02 -2.613120870983862143e-02 6.605612202507521458e-03 2.034344730354978315e-02 2.613120870983862143e-02 2.948475250966517414e-02 1.346816348217136639e-01 4.841278496026106548e-02 4.539157144202218275e-01 3.753196227157951093e-02 7.592743226006515300e-02 2.417861560397280285e-02 2.078703015582547553e-02 1.134314020814566892e-02 3.666845455467421244e-02 5.896950501933048705e-02 1.474237625483248992e-02 2.948475250966517414e-02
-3.475480776816614048e-03 1.576308736419443357e-02 3.475480776816614048e-03 1.006225797275214773e-02 -1.576308736419443357e-02 6.247135980403276112e-02 -9.176310168258899891e-03 -6.247135980403276112e-02 2.979784108138464060e-01 -5.616610771747476694e-02 -6.048297270713748341e-02 1.465088577442202888e-02 5.616610771747476694e-02 -1.777285612751550170e-02 1.777285612751550170e-02 2.291293872698607625e-03 6.048297270713748341e-02 2.833275250394243772e-01 -1.465088577442202888e-02 -5.980474743772440371e-02 -1.006225797275214773e-02 9.176310168258899891e-03 -2.291293872698607625e-03 -6.566721105659339974e-03 -1.375957034751545960e-02 5.980474743772440371e-02 6.566721105659339974e-03 1.375957034751545960e-02 2.093167420544875257e-02 1.228760658737781952e-02 1.353773874956876178e-02 3.753196227157942766e-02 4.186940641467292723e-01 1.335088563596233957e-01 3.839325158995926524e-02 2.006415000021410933e-02 1.939096961468009250e-02 1.225733360805642547e-01 4.186334841089828229e-02 1.046583710272458445e-02 2.093167420544875257e-02
-6.732894266022720897e-03 3.038363899786933331e-02 6.732894266022720897e-03 6.541248416034123325e-03 -3.038363899786933331e-02 1.368863561057916955e-01 -3.057528484785793088e-02 -1.368863561057916955e-01 -1.342747908944017521e-01 -1.250547752318195704e-01 -1.422027617667087629e-01 -1.350407254291812187e-01 1.250547752318195704e-01 -3.601422934616893556e-02 3.601422934616893556e-02 -6.392636375661120418e-03 1.422027617667087629e-01 7.659345347794666026e-04 1.350407254291812187e-01 -2.939976593271936833e-02 -6.541248416034123325e-03 3.057528484785793088e-02 6.392636375661120418e-03 -7.621789106686205351e-03 -1.105706023069347177e-02 2.939976593271936833e-02 7.621789106686205351e-03 1.105706023069347177e-02 1.472291299819059041e-02 2.365074473184661241e-02 1.327414268205684422e-02 7.592743226006443136e-02 1.335088563596222855e-01 3.265405905720970559e-01 8.904054588565063488e-02 2.962159297050781515e-02 4.759611188696041828e-02 7.398597850677290921e-02 2.944582599638306819e-02 7.361456499095142547e-03 1.472291299819059041e-02
-1.219871313919984601e-04 8.811452165992050833e-03 1.219871313919984601e-04 7.841145902161228420e-03 -8.811452165992050833e-03 3.408236116518759129e-02 -1.092293395222820873e-03 -3.408236116518759129e-02 -3.704653007995606373e-02 2.340452636894512772e-01 -3.817601798870459695e-02 -3.569980856995283447e-02 -2.340452636894512772e-01 -2.073330529344010187e-01 2.073330529344010187e-01 -6.188686531546067071e-02 3.817601798870459695e-02 -1.346721510003229261e-03 3.569980856995283447e-02 -8.739032185265005470e-03 -7.841145902161228420e-03 1.092293395222820873e-03 6.188686531546067071e-02 -8.629591466959574131e-03 -1.123866668260242729e-02 8.739032185265005470e-03 8.629591466959574131e-03 1.123866668260242729e-02 1.158153354980612226e-02 8.689465034600052373e-03 7.963133033553226880e-03 2.417861560397271958e-02 3.839325158995929299e-02 8.904054588565019079e-02 5.586216833761477041e-01 1.454461876189403480e-01 1.299759182520662804e-02 2.613920888422702205e-02 2.316306709961171717e-02 5.790766774903421954e-03 1.158153354980612226e-02
6.244945740454616034e-03 4.862169666098592469e-03 -6.244945740454616034e-03 2.482333519261034627e-02 -4.862169666098592469e-03 -5.569114450423851004e-04 2.620611126696636983e-02 5.569114450423851004e-04 -1.391132942542172568e-02 6.123582998962562307e-02 -1.050131018810843142e-02 -7.758508850629286524e-03 -6.123582998962562307e-02 2.066820176085653049e-01 -2.066820176085653049e-01 -2.411548248861821730e-01 1.050131018810843142e-02 -6.152820574792439157e-03 7.758508850629286524e-03 -5.556362808340348236e-03 -2.482333519261034627e-02 -2.620611126696636983e-02 2.411548248861821730e-01 -2.689657676115136953e-02 -3.389760649971587658e-02 5.556362808340348236e-03 2.689657676115136953e-02 3.389760649971587658e-02 3.160322120103381538e-02 1.110711540655320850e-02 1.857838945215573023e-02 2.078703015582539226e-02 2.006415000021416484e-02 2.962159297050856455e-02 1.454461876189396818e-01 5.521631575052525776e-01 4.394255413864428528e-03 3.057085703013454059e-02 6.320644240206632625e-02 1.580161060051743505e-02 3.160322120103381538e-02
-8.824416033452603392e-04 5.422600926862364279e-03 8.824416033452603392e-04 1.397455685096540834e-03 -5.422600926862364279e-03 2.167332798011886719e-02 -4.907586845111083784e-03 -2.167332798011886719e-02 -2.011696193316364623e-02 -1.899011796316901757e-02 1.292194740150594823e-01 -2.084295425164711668e-02 1.899011796316901757e-02 -5.992526137962361776e-03 5.992526137962361776e-03 -1.598270724098571627e-03 -1.292194740150594823e-01 7.259923184834704557e-04 2.084295425164711668e-02 -5.254189039468698530e-03 -1.397455685096540834e-03 4.907586845111083784e-03 1.598270724098571627e-03 -1.635537861824021277e-03 -2.341679850495159698e-03 5.254189039468698530e-03 1.635537861824021277e-03 2.341679850495159698e-03 2.289714915125640182e-03 4.540159323517103940e-03 2.279897288441801173e-03 1.134314020814541912e-02 1.939096961468017577e-02 4.759611188696083461e-02 1.299759182520665579e-02 4.394255413863790150e-03 2.989812465367764904e-01 1.057679695707905432e-02 4.579429830251127709e-03 1.144857457563347447e-03 2.289714915125640182e-03
-3.693548064427093491e-03 1.690562309471385638e-02 3.693548064427093491e-03 2.364552550222231986e-02 -1.690562309471385638e-02 5.052772330630697639e-02 3.046354343081369986e-03 -5.052772330630697639e-02 2.821002333594080369e-02 -4.344354792060461934e-02 -3.924615635470440900e-02 1.789933827524466947e-01 4.344354792060461934e-02 -1.730433903637779158e-02 1.730433903637779158e-02 1.326651799375680452e-02 3.924615635470440900e-02 -1.507833594165058910e-01 -1.789933827524466947e-01 -1.500144763804541759e-01 -2.364552550222231986e-02 -3.046354343081369986e-03 -1.326651799375680452e-02 -1.207837421029170355e-02 -3.022165081185321234e-02 1.500144763804541759e-01 1.207837421029170355e-02 3.022165081185321234e-02 4.807210961815575057e-02 1.321207503028676289e-02 2.733907356664941335e-02 3.666845455467449000e-02 1.225733360805650873e-01 7.398597850677149368e-02 2.613920888422682776e-02 3.057085703013459610e-02 1.057679695708119150e-02 2.937340297349209095e-01 9.614421923631114031e-02 2.403605480907802794e-02 4.807210961815575057e-02
2.510177009321112873e-02 1.063722649840173617e-02 -2.510177009321112873e-02 9.145219486827899091e-02 -1.063722649840173617e-02 -3.631000694535624351e-02 1.059167384630883835e-01 3.631000694535624351e-02 -1.859878762173144962e-02 1.089805626905077096e-02 -3.829222763729572820e-03 4.665773167435022240e-03 -1.089805626905077096e-02 3.406112336866295998e-02 -3.406112336866295998e-02 9.726756577073089605e-02 3.829222763729572820e-03 -2.326456078916647185e-02 -4.665773167435022240e-03 -1.348641904809658176e-02 -9.145219486827899091e-02 -1.059167384630883835e-01 -9.726756577073089605e-02 -9.895671557764487702e-02 -1.243517593162605517e-01 1.348641904809658176e-02 9.895671557764487702e-02 1.243517593162605517e-01 1.148313512543290282e-01 3.573899659161286491e-02 6.635042477506786218e-02 5.896950501933040378e-02 4.186334841089792147e-02 2.944582599638101428e-02 2.316306709961218901e-02 6.320644240206793607e-02 4.579429830251446898e-03 9.614421923631152889e-02 2.296627025086576124e-01 5.741567562716495821e-02 1.148313512543290282e-01
6.275442523302809938e-03 2.659306624600427105e-03 -6.275442523302809938e-03 2.286304871706967834e-02 -2.659306624600427105e-03 -9.077501736339033123e-03 2.647918461577206117e-02 9.077501736339033123e-03 -4.649696905432876282e-03 2.724514067262706618e-03 -9.573056909324140218e-04 1.166443291858748621e-03 -2.724514067262706618e-03 8.515280842165767750e-03 -8.515280842165767750e-03 2.431689144268261993e-02 9.573056909324140218e-04 -5.816140197291624903e-03 -1.166443291858748621e-03 -3.371604762024138502e-03 -2.286304871706967834e-02 -2.647918461577206117e-02 -2.431689144268261993e-02 2.252608211055889265e-01 -3.108793982906504771e-02 3.371604762024138502e-03 -2.252608211055889265e-01 3.108793982906504771e-02 2.870783781358210440e-02 8.934749147903237043e-03 1.658760619376686840e-02 1.474237625483260095e-02 1.046583710272450118e-02 7.361456499095198058e-03 5.790766774903061131e-03 1.580161060051685218e-02 1.144857457562931113e-03 2.403605480907783365e-02 5.741567562716506923e-02 5.143539189067909412e-01 2.870783781358210440e-02
1.255088504660557824e-02 5.318613249200743187e-03 -1.255088504660557824e-02 4.572609743413945382e-02 -5.318613249200743187e-03 -1.815500347267812176e-02 5.295836923154428888e-02 1.815500347267812176e-02 -9.299393810865641541e-03 5.449028134525440992e-03 -1.914611381864661510e-03 2.332886583717691531e-03 -5.449028134525440992e-03 1.703056168433178530e-02 -1.703056168433178530e-02 4.863378288536518435e-02 1.914611381864661510e-03 -1.163228039458333307e-02 -2.332886583717691531e-03 -6.743209524048388026e-03 -4.572609743413945382e-02 -5.295836923154428888e-02 -4.863378288536518435e-02 -4.947835778882228586e-02 -6.217587965813037298e-02 6.743209524048388026e-03 4.947835778882228586e-02 6.217587965813037298e-02 -4.425843243728352916e-01 1.786949829580632143e-02 3.317521238753387558e-02 2.948475250966542394e-02 2.093167420544897461e-02 1.472291299819095123e-02 1.158153354980634431e-02 3.160322120103339905e-02 2.289714915125584671e-03 4.807210961815530648e-02 1.148313512543289727e-01 2.870783781358204889e-02 5.574156756271646529e-01
