42
1 1 1 1 2 1 1
2 3 3 1 2 3 1
3 5 5 1 2 5 1
4 7 7 1 2 7 1
5 12 12 1 2 12 1
6 14 14 1 2 14 1
7 19 19 1 2 19 1
8 24 24 1 2 24 1
9 26 26 1 2 26 1
10 27 27 1 2 27 1
11 1 2 1 1 1 1
12 2 4 1 1 2 1
13 3 4 1 1 3 1
14 4 6 1 1 4 1
15 5 7 1 1 5 1
16 6 8 1 1 6 1
17 7 6 1 1 7 1
18 8 28 1 1 8 1
19 9 10 1 1 9 1
20 10 6 1 1 10 1
21 10 17 1 1 10 1
22 11 9 1 1 11 1
23 12 13 1 1 12 1
24 14 12 1 1 14 1
25 15 23 1 1 15 1
26 16 12 1 1 16 1
27 18 19 1 1 18 1
28 19 20 1 1 19 1
29 20 10 1 1 20 1
30 21 10 1 1 21 1
31 21 22 1 1 21 1
32 22 24 1 1 22 1
33 23 24 1 1 23 1
34 24 25 1 1 24 1
35 25 26 1 1 25 1
36 27 29 1 1 27 1
37 28 6 1 1 28 1
38 28 8 1 1 28 1
39 29 30 1 1 29 1
40 8 8 1 6 8 1
41 10 10 1 6 10 1
42 15 15 1 6 15 1
3.140809748997344109e-01 2.102489863172515294e-01 1.342125409963423888e-03 4.473751366532718876e-04 -3.777484428510502479e-03 7.554968857024058071e-03 1.110223024625156540e-16 2.220446049250313081e-15 -8.881784197001252323e-16 -2.432996121698716152e-02 -3.692530410482441350e-01 -5.382994073854724393e-02 -1.064169977347699247e-01 4.622456341542569014e-02 -2.236875683270467263e-03 9.731984486794464928e-03 -1.789500546617195376e-03 4.865992243397121442e-03 0.000000000000000000e+00 -2.055247678847804682e-02 -6.661338147750939243e-16 0.000000000000000000e+00 3.777484428509947367e-03 -1.888742214254784946e-02 3.777484428507393854e-03 -3.777484428509558789e-03 0.000000000000000000e+00 1.110223024625156540e-16 5.551115123125782702e-16 -2.055247678847504922e-02 2.055247678847815784e-02 2.055247678847582637e-02 3.777484428507948966e-03 2.432996121698605130e-02 8.881784197001252323e-16 9.731984486794584277e-02 -1.459797673019158637e-02 -4.865992243397121442e-03 7.298988365095870900e-02 0.000000000000000000e+00 0.000000000000000000e+00 0.000000000000000000e+00
2.102489863172519180e-01 2.929724297195714922e-01 -1.244774059803328836e-02 -4.149246866011230273e-03 -1.764296313569446717e-04 3.528592627136117876e-04 0.000000000000000000e+00 5.551115123125782702e-17 -5.551115123125782702e-17 -3.221416036823465667e-03 -1.210827108412858150e-01 7.671853487793274529e-02 -3.756958731218907888e-01 -6.181338155743232310e-03 2.074623433005581830e-02 1.288566414729297449e-03 1.659698746404458802e-02 6.442832073646487245e-04 0.000000000000000000e+00 -3.044986405466854062e-03 -1.110223024625156540e-16 0.000000000000000000e+00 1.764296313566116048e-04 -8.821481567827804682e-04 1.764296313563895602e-04 -1.764296313565005825e-04 0.000000000000000000e+00 0.000000000000000000e+00 1.110223024625156540e-16 -3.044986405466687529e-03 3.044986405467020596e-03 3.044986405466743040e-03 1.764296313565005825e-04 3.221416036823299134e-03 5.551115123125782702e-17 1.288566414729355736e-02 -1.932849622093946174e-03 -6.442832073646487245e-04 9.664248110470119446e-03 0.000000000000000000e+00 0.000000000000000000e+00 0.000000000000000000e+00
1.342125409962729998e-03 -1.244774059803321897e-02 1.382672719883295542e-01 4.608909066277688815e-02 -1.836758483585165802e-03 3.673516967174106362e-03 0.000000000000000000e+00 7.771561172376095783e-16 -2.220446049250313081e-16 1.110561518807140491e-02 -3.734322179410021203e-02 1.022661756041928771e-01 2.623760660602972306e-02 1.142192831286016896e-01 -2.304454533138842187e-01 -4.442246075228362123e-03 -1.843563626511073306e-01 -2.221123037613903506e-03 0.000000000000000000e+00 1.294237367165840258e-02 2.220446049250313081e-16 0.000000000000000000e+00 1.836758483587330737e-03 -9.183792417937097774e-03 1.836758483587441759e-03 -1.836758483587441759e-03 0.000000000000000000e+00 0.000000000000000000e+00 -2.220446049250313081e-16 1.294237367165829156e-02 -1.294237367165818053e-02 -1.294237367165862462e-02 1.836758483587108692e-03 -1.110561518807073877e-02 2.220446049250313081e-16 -4.442246075228328817e-02 6.663369112842265629e-03 2.221123037613903506e-03 -3.331684556421254939e-02 0.000000000000000000e+00 0.000000000000000000e+00 0.000000000000000000e+00
4.473751366542155772e-04 -4.149246866011035983e-03 4.608909066277688815e-02 3.486963635542585926e-01 -6.122528278604821850e-04 1.224505655724739128e-03 -2.220446049250313081e-16 -1.554312234475219157e-15 -6.661338147750939243e-16 3.701871729356931429e-03 -1.244774059803344102e-02 3.408872520139771822e-02 8.745868868676620611e-03 3.807309437620043369e-02 2.565181822287054825e-01 -1.480748691742750367e-03 -3.947854542170359249e-01 -7.403743458711531389e-04 0.000000000000000000e+00 4.314124557218912415e-03 0.000000000000000000e+00 0.000000000000000000e+00 6.122528278622585418e-04 -3.061264139312624977e-03 6.122528278620364972e-04 -6.122528278629246756e-04 0.000000000000000000e+00 -2.220446049250313081e-16 2.220446049250313081e-16 4.314124557220022638e-03 -4.314124557219356504e-03 -4.314124557218912415e-03 6.122528278629246756e-04 -3.701871729357542051e-03 6.661338147750939243e-16 -1.480748691742778123e-02 2.221123037613903506e-03 7.403743458711531389e-04 -1.110561518807090531e-02 0.000000000000000000e+00 0.000000000000000000e+00 0.000000000000000000e+00
-3.777484428509961245e-03 -1.764296313567226271e-04 -1.836758483587400126e-03 -6.122528278629801868e-04 2.629641648315184099e-02 -5.259283296629657656e-02 0.000000000000000000e+00 7.549516567451064475e-15 -1.776356839400250465e-15 3.953914059866225905e-03 -5.292888940698486921e-04 -6.143531806167099041e-03 -3.424625165796835180e-03 1.655182987982822818e-02 3.061264139312236399e-03 -1.581565623945957455e-03 2.449011311449256212e-03 -7.907828119737558836e-04 0.000000000000000000e+00 -2.234250242328283953e-02 -2.220446049250313081e-16 0.000000000000000000e+00 -2.629641648314784419e-02 1.314820824157409973e-01 -2.629641648314962055e-02 2.629641648314828828e-02 0.000000000000000000e+00 0.000000000000000000e+00 2.220446049250313081e-16 -2.234250242327950886e-02 2.234250242328439384e-02 2.234250242327817659e-02 -2.629641648315095281e-02 -3.953914059865226704e-03 1.776356839400250465e-15 -1.581565623946457055e-02 2.372348435919713339e-03 7.907828119737558836e-04 -1.186174217959934385e-02 0.000000000000000000e+00 0.000000000000000000e+00 0.000000000000000000e+00
7.554968857019478401e-03 3.528592627131121873e-04 3.673516967174939030e-03 1.224505655724184017e-03 -5.259283296629863047e-02 1.051856659325927090e-01 0.000000000000000000e+00 8.881784197001252323e-16 0.000000000000000000e+00 -7.907828119733617545e-03 1.058577788139503095e-03 1.228706361233355970e-02 6.849250331593087493e-03 -3.310365975965673391e-02 -6.122528278624139730e-03 3.163131247893358200e-03 -4.898022622899955714e-03 1.581565623946290522e-03 0.000000000000000000e+00 4.468500484656345861e-02 -2.220446049250313081e-16 0.000000000000000000e+00 5.259283296629657656e-02 -2.629641648314833269e-01 5.259283296629746474e-02 -5.259283296629613247e-02 0.000000000000000000e+00 0.000000000000000000e+00 2.220446049250313081e-16 4.468500484656456884e-02 -4.468500484656390270e-02 -4.468500484656434679e-02 5.259283296629613247e-02 7.907828119732673855e-03 0.000000000000000000e+00 3.163131247893086195e-02 -4.744696871839648722e-03 -1.581565623946290522e-03 2.372348435919807708e-02 0.000000000000000000e+00 0.000000000000000000e+00 0.000000000000000000e+00
2.775557561562891351e-17 0.000000000000000000e+00 1.110223024625156540e-16 -2.220446049250313081e-16 -8.326672684688674053e-16 2.220446049250313081e-16 3.333333333333339255e-01 -4.440892098500626162e-16 0.000000000000000000e+00 4.440892098500626162e-16 0.000000000000000000e+00 5.551115123125782702e-17 2.775557561562891351e-17 -5.551115123125782702e-17 1.110223024625156540e-16 0.000000000000000000e+00 -1.110223024625156540e-16 2.220446049250313081e-16 0.000000000000000000e+00 0.000000000000000000e+00 0.000000000000000000e+00 0.000000000000000000e+00 -2.220446049250313081e-16 2.220446049250313081e-16 0.000000000000000000e+00 0.000000000000000000e+00 3.333333333333330373e-01 -3.333333333333330373e-01 0.000000000000000000e+00 0.000000000000000000e+00 0.000000000000000000e+00 2.220446049250313081e-16 2.220446049250313081e-16 0.000000000000000000e+00 0.000000000000000000e+00 0.000000000000000000e+00 -2.220446049250313081e-16 -2.220446049250313081e-16 0.000000000000000000e+00 0.000000000000000000e+00 0.000000000000000000e+00 0.000000000000000000e+00
-1.387778780781445676e-17 1.110223024625156540e-16 9.714451465470119729e-17 -3.330669073875469621e-16 9.992007221626408864e-16 4.440892098500626162e-16 0.000000000000000000e+00 2.499999999999986677e-01 0.000000000000000000e+00 1.665334536937734811e-15 -1.387778780781445676e-17 1.249000902703301108e-16 1.110223024625156540e-16 -2.220446049250313081e-16 1.110223024625156540e-16 0.000000000000000000e+00 -2.220446049250313081e-16 0.000000000000000000e+00 0.000000000000000000e+00 -1.110223024625156540e-16 4.440892098500626162e-16 0.000000000000000000e+00 0.000000000000000000e+00 0.000000000000000000e+00 -4.440892098500626162e-16 0.000000000000000000e+00 0.000000000000000000e+00 0.000000000000000000e+00 -4.440892098500626162e-16 4.440892098500626162e-16 1.332267629550187849e-15 2.500000000000000000e-01 2.500000000000013323e-01 -2.500000000000000000e-01 0.000000000000000000e+00 2.220446049250313081e-16 0.000000000000000000e+00 0.000000000000000000e+00 0.000000000000000000e+00 0.000000000000000000e+00 0.000000000000000000e+00 0.000000000000000000e+00
0.000000000000000000e+00 0.000000000000000000e+00 2.220446049250313081e-16 -2.775557561562891351e-16 2.220446049250313081e-15 -4.440892098500626162e-16 0.000000000000000000e+00 1.776356839400250465e-15 5.000000000000000000e-01 -9.992007221626408864e-16 0.000000000000000000e+00 0.000000000000000000e+00 0.000000000000000000e+00 0.000000000000000000e+00 1.665334536937734811e-16 0.000000000000000000e+00 -1.110223024625156540e-16 0.000000000000000000e+00 0.000000000000000000e+00 0.000000000000000000e+00 -2.220446049250313081e-16 0.000000000000000000e+00 4.440892098500626162e-16 -4.440892098500626162e-16 4.440892098500626162e-16 -4.440892098500626162e-16 0.000000000000000000e+00 0.000000000000000000e+00 2.220446049250313081e-16 0.000000000000000000e+00 0.000000000000000000e+00 -4.440892098500626162e-16 -8.881784197001252323e-16 4.440892098500626162e-16 5.000000000000000000e-01 -3.330669073875469621e-16 0.000000000000000000e+00 0.000000000000000000e+00 1.110223024625156540e-16 0.000000000000000000e+00 0.000000000000000000e+00 0.000000000000000000e+00
-2.432996121698636008e-02 -3.221416036823396278e-03 1.110561518807072490e-02 3.701871729356986940e-03 3.953914059867114084e-03 -7.907828119732618344e-03 0.000000000000000000e+00 1.110223024625156540e-16 0.000000000000000000e+00 2.755137725380840674e-02 -9.664248110470164549e-03 -2.288859413938562279e-02 -1.788712914333959181e-02 -4.004322525968249946e-02 -1.850935864678479592e-02 -1.102055090152365135e-02 -1.480748691742780898e-02 -5.510275450762325278e-03 0.000000000000000000e+00 2.359746319394312453e-02 -5.551115123125782702e-17 0.000000000000000000e+00 -3.953914059865892838e-03 1.976957029933179566e-02 -3.953914059865837327e-03 3.953914059865948349e-03 0.000000000000000000e+00 0.000000000000000000e+00 5.551115123125782702e-17 2.359746319394329106e-02 -2.359746319394351310e-02 -2.359746319394323555e-02 -3.953914059866614483e-03 -2.755137725380973901e-02 0.000000000000000000e+00 -1.102055090152396222e-01 1.653082635228597663e-02 5.510275450762325278e-03 -8.265413176142921703e-02 0.000000000000000000e+00 0.000000000000000000e+00 0.000000000000000000e+00
-3.692530410482441350e-01 -1.210827108412859121e-01 -3.734322179409990672e-02 -1.244774059803371857e-02 -5.292888940705009482e-04 1.058577788140863118e-03 2.775557561562891351e-17 3.608224830031758756e-16 -1.665334536937734811e-16 -9.664248110470549658e-03 6.367518674761425412e-01 2.301556046337981942e-01 -1.270876193656725883e-01 -1.854401446722980795e-02 6.223870299016739938e-02 3.865699244188003370e-03 4.979096239213368080e-02 1.932849622093890662e-03 0.000000000000000000e+00 -9.134959216400811988e-03 -2.498001805406602216e-16 0.000000000000000000e+00 5.292888940698070588e-04 -2.646444470348396916e-03 5.292888940691131694e-04 -5.292888940696682809e-04 0.000000000000000000e+00 2.775557561562891351e-17 2.220446049250313081e-16 -9.134959216399979320e-03 9.134959216400867499e-03 9.134959216400312387e-03 5.292888940693352140e-04 9.664248110470008424e-03 1.665334536937734811e-16 3.865699244188067207e-02 -5.798548866281894032e-03 -1.932849622093890662e-03 2.899274433141034446e-02 0.000000000000000000e+00 0.000000000000000000e+00 0.000000000000000000e+00
-5.382994073854682759e-02 7.671853487793228732e-02 1.022661756041933490e-01 3.408872520139649698e-02 -6.143531806166502296e-03 1.228706361233905531e-02 5.551115123125782702e-17 3.774758283725532237e-15 -1.443289932012703503e-15 -2.288859413938612586e-02 2.301556046337983330e-01 2.785918394994436609e-01 -2.072670104944128733e-01 1.418998320767975163e-01 -1.704436260069873421e-01 9.155437655754272708e-03 -1.363549008055908451e-01 4.577718827877219621e-03 0.000000000000000000e+00 -1.674506233322048399e-02 -6.106226635438360972e-16 0.000000000000000000e+00 6.143531806167001896e-03 -3.071765903083334415e-02 6.143531806163782250e-03 -6.143531806166557807e-03 0.000000000000000000e+00 5.551115123125782702e-17 5.551115123125782702e-16 -1.674506233321687576e-02 1.674506233322087256e-02 1.674506233321731985e-02 6.143531806164337361e-03 2.288859413938537646e-02 1.443289932012703503e-15 9.155437655754325443e-02 -1.373315648363149233e-02 -4.577718827877219621e-03 6.866578241815649020e-02 0.000000000000000000e+00 0.000000000000000000e+00 0.000000000000000000e+00
-1.064169977347695362e-01 -3.756958731218910663e-01 2.623760660603008388e-02 8.745868868675732433e-03 -3.424625165797112736e-03 6.849250331596806740e-03 5.551115123125782702e-17 2.053912595556539600e-15 -8.326672684688674053e-16 -1.788712914334001508e-02 -1.270876193656724773e-01 -2.072670104944127067e-01 6.449747485090118193e-01 5.858723972691221027e-02 -4.372934434338204834e-02 7.154851657335814519e-03 -3.498347547470631591e-02 3.577425828667879504e-03 0.000000000000000000e+00 -1.446250397754411665e-02 -4.996003610813204432e-16 0.000000000000000000e+00 3.424625165796668647e-03 -1.712312582898223301e-02 3.424625165794642490e-03 -3.424625165796335580e-03 0.000000000000000000e+00 5.551115123125782702e-17 4.440892098500626162e-16 -1.446250397754175743e-02 1.446250397754436645e-02 1.446250397754220152e-02 3.424625165795086579e-03 1.788712914333934201e-02 8.326672684688674053e-16 7.154851657335875581e-02 -1.073227748600369402e-02 -3.577425828667879504e-03 5.366138743001847705e-02 0.000000000000000000e+00 0.000000000000000000e+00 0.000000000000000000e+00
4.622456341542541258e-02 -6.181338155742843732e-03 1.142192831286006349e-01 3.807309437620243209e-02 1.655182987982384279e-02 -3.310365975966028662e-02 -3.330669073875469621e-16 -5.828670879282071837e-15 9.436895709313830594e-16 -4.004322525968183333e-02 -1.854401446722991897e-02 1.418998320767977384e-01 5.858723972691248782e-02 2.108575635277933902e-01 -1.903654718810035562e-01 1.601729010387253904e-02 -1.522923775048011796e-01 8.008645051936769121e-03 0.000000000000000000e+00 -5.659505513951001987e-02 1.110223024625156540e-15 0.000000000000000000e+00 -1.655182987982856124e-02 8.275914939914114088e-02 -1.655182987982650733e-02 1.655182987982845022e-02 0.000000000000000000e+00 -3.330669073875469621e-16 -7.771561172376095783e-16 -5.659505513951412770e-02 5.659505513950946476e-02 5.659505513951335054e-02 -1.655182987982606324e-02 4.004322525968145863e-02 -9.436895709313830594e-16 1.601729010387288321e-01 -2.402593515580930816e-02 -8.008645051936769121e-03 1.201296757790475261e-01 0.000000000000000000e+00 0.000000000000000000e+00 0.000000000000000000e+00
-2.236875683270966864e-03 2.074623433005573503e-02 -2.304454533138844408e-01 2.565181822287057045e-01 3.061264139311015153e-03 -6.122528278623973197e-03 0.000000000000000000e+00 1.110223024625156540e-16 -5.551115123125782702e-17 -1.850935864678447673e-02 6.223870299016720509e-02 -1.704436260069878140e-01 -4.372934434338243692e-02 -1.903654718810026125e-01 7.174090888564731427e-01 7.403743458713751835e-03 -2.607272891482115273e-02 3.701871729357097962e-03 0.000000000000000000e+00 -2.157062278609700456e-02 2.220446049250313081e-16 0.000000000000000000e+00 -3.061264139312125376e-03 1.530632069656107097e-02 -3.061264139312458443e-03 3.061264139312402932e-03 0.000000000000000000e+00 0.000000000000000000e+00 -2.220446049250313081e-16 -2.157062278609755968e-02 2.157062278609722661e-02 2.157062278609694905e-02 -3.061264139312513954e-03 1.850935864678454612e-02 5.551115123125782702e-17 7.403743458713886449e-02 -1.110561518807084980e-02 -3.701871729357097962e-03 5.552807594035412408e-02 0.000000000000000000e+00 0.000000000000000000e+00 0.000000000000000000e+00
9.731984486794464928e-03 1.288566414729463983e-03 -4.442246075228556412e-03 -1.480748691742528322e-03 -1.581565623944070076e-03 3.163131247890360598e-03 2.220446049250313081e-16 1.110223024625156540e-15 2.220446049250313081e-16 -1.102055090152376238e-02 3.865699244188031125e-03 9.155437655754300463e-03 7.154851657335897785e-03 1.601729010387298313e-02 7.403743458713751835e-03 4.044082203606094161e-01 5.922994766971223513e-03 2.022041101803047081e-01 0.000000000000000000e+00 -9.438985277577138788e-03 -2.220446049250313081e-16 0.000000000000000000e+00 1.581565623947289723e-03 -7.907828119733895100e-03 1.581565623947400745e-03 -1.581565623947067678e-03 0.000000000000000000e+00 2.220446049250313081e-16 0.000000000000000000e+00 -9.438985277577360833e-03 9.438985277577360833e-03 9.438985277577249811e-03 1.581565623946068477e-03 1.102055090152442851e-02 -2.220446049250313081e-16 4.408220360609560462e-02 3.933876694590858758e-01 -2.022041101803047081e-01 3.306165270457184224e-02 0.000000000000000000e+00 0.000000000000000000e+00 0.000000000000000000e+00
-1.789500546616751286e-03 1.659698746404475456e-02 -1.843563626511075526e-01 -3.947854542170358139e-01 2.449011311450255413e-03 -4.898022622899178558e-03 -2.220446049250313081e-16 -1.443289932012703503e-15 -6.661338147750939243e-16 -1.480748691742755918e-02 4.979096239213379183e-02 -1.363549008055901235e-01 -3.498347547470578855e-02 -1.522923775048022899e-01 -2.607272891482137478e-02 5.922994766971112490e-03 5.791418168681428114e-01 2.961497383485944823e-03 0.000000000000000000e+00 -1.725649822887820317e-02 2.220446049250313081e-16 0.000000000000000000e+00 -2.449011311449922346e-03 1.224505655724850151e-02 -2.449011311450477457e-03 2.449011311449589279e-03 0.000000000000000000e+00 -2.220446049250313081e-16 0.000000000000000000e+00 -1.725649822887753704e-02 1.725649822887775908e-02 1.725649822887809215e-02 -2.449011311449589279e-03 1.480748691742705958e-02 6.661338147750939243e-16 5.922994766971106939e-02 -8.884492150457057313e-03 -2.961497383485944823e-03 4.442246075228323265e-02 0.000000000000000000e+00 0.000000000000000000e+00 0.000000000000000000e+00
4.865992243397315731e-03 6.442832073646487245e-04 -2.221123037614153306e-03 -7.403743458714862058e-04 -7.907828119720905491e-04 1.581565623946179500e-03 0.000000000000000000e+00 3.330669073875469621e-16 4.440892098500626162e-16 -5.510275450761437099e-03 1.932849622094029440e-03 4.577718827877191865e-03 3.577425828667935015e-03 8.008645051936436055e-03 3.701871729356986940e-03 2.022041101803049301e-01 2.961497383485500734e-03 6.011020550901522430e-01 0.000000000000000000e+00 -4.719492638788569394e-03 0.000000000000000000e+00 0.000000000000000000e+00 7.907828119733117944e-04 -3.953914059866669994e-03 7.907828119732007721e-04 -7.907828119736448613e-04 0.000000000000000000e+00 0.000000000000000000e+00 0.000000000000000000e+00 -4.719492638788902461e-03 4.719492638788458372e-03 4.719492638788791439e-03 7.907828119732007721e-04 5.510275450762325278e-03 -4.440892098500626162e-16 2.204110180304785782e-02 1.966938347295428269e-01 3.988979449098477570e-01 1.653082635228586561e-02 0.000000000000000000e+00 0.000000000000000000e+00 0.000000000000000000e+00
2.775557561562891351e-17 -5.551115123125782702e-17 -8.326672684688674053e-17 4.440892098500626162e-16 -1.165734175856414367e-15 2.220446049250313081e-16 0.000000000000000000e+00 2.220446049250313081e-16 0.000000000000000000e+00 -4.440892098500626162e-16 2.775557561562891351e-17 -8.326672684688674053e-17 -5.551115123125782702e-17 2.775557561562891351e-16 -1.110223024625156540e-16 -2.220446049250313081e-16 3.330669073875469621e-16 -2.220446049250313081e-16 -2.220446049250313081e-16 2.220446049250313081e-16 0.000000000000000000e+00 0.000000000000000000e+00 -2.220446049250313081e-16 2.220446049250313081e-16 -2.220446049250313081e-16 2.220446049250313081e-16 0.000000000000000000e+00 0.000000000000000000e+00 0.000000000000000000e+00 2.220446049250313081e-16 2.220446049250313081e-16 -2.220446049250313081e-16 0.000000000000000000e+00 0.000000000000000000e+00 0.000000000000000000e+00 0.000000000000000000e+00 4.440892098500626162e-16 2.220446049250313081e-16 0.000000000000000000e+00 0.000000000000000000e+00 0.000000000000000000e+00 0.000000000000000000e+00
-2.055247678847699211e-02 -3.044986405466854062e-03 1.294237367165840258e-02 4.314124557219023437e-03 -2.234250242328372771e-02 4.468500484656590110e-02 -2.220446049250313081e-16 -7.771561172376095783e-16 -4.440892098500626162e-16 2.359746319394201430e-02 -9.134959216400506676e-03 -1.674506233321931825e-02 -1.446250397754333950e-02 -5.659505513951107458e-02 -2.157062278609700456e-02 -9.438985277577360833e-03 -1.725649822887798113e-02 -4.719492638788125305e-03 0.000000000000000000e+00 4.593996561722568650e-02 2.220446049250313081e-16 0.000000000000000000e+00 2.234250242328150726e-02 -1.117125121164085355e-01 2.234250242328184033e-02 -2.234250242328172931e-02 0.000000000000000000e+00 -2.220446049250313081e-16 0.000000000000000000e+00 4.593996561722568650e-02 -4.593996561722601957e-02 -4.593996561722535343e-02 2.234250242328261749e-02 -2.359746319394362413e-02 4.440892098500626162e-16 -9.438985277577355282e-02 1.415847791636548614e-02 4.719492638788125305e-03 -7.079238958183003971e-02 0.000000000000000000e+00 0.000000000000000000e+00 0.000000000000000000e+00
-2.775557561562891351e-17 1.110223024625156540e-16 0.000000000000000000e+00 -5.551115123125782702e-16 1.609823385706476984e-15 -6.661338147750939243e-16 2.220446049250313081e-16 6.661338147750939243e-16 2.220446049250313081e-16 1.665334536937734811e-16 0.000000000000000000e+00 5.551115123125782702e-17 8.326672684688674053e-17 -2.775557561562891351e-16 1.110223024625156540e-16 0.000000000000000000e+00 -4.440892098500626162e-16 2.220446049250313081e-16 0.000000000000000000e+00 -2.220446049250313081e-16 -2.220446049250313081e-16 0.000000000000000000e+00 2.220446049250313081e-16 -4.440892098500626162e-16 4.440892098500626162e-16 -4.440892098500626162e-16 0.000000000000000000e+00 2.220446049250313081e-16 -2.220446049250313081e-16 -2.220446049250313081e-16 0.000000000000000000e+00 0.000000000000000000e+00 -2.220446049250313081e-16 4.440892098500626162e-16 -2.220446049250313081e-16 -1.665334536937734811e-16 -2.220446049250313081e-16 -2.220446049250313081e-16 5.551115123125782702e-17 0.000000000000000000e+00 0.000000000000000000e+00 0.000000000000000000e+00
2.775557561562891351e-17 -5.551115123125782702e-17 0.000000000000000000e+00 0.000000000000000000e+00 -8.881784197001252323e-16 2.220446049250313081e-16 0.000000000000000000e+00 -4.440892098500626162e-16 -2.220446049250313081e-16 -1.665334536937734811e-16 0.000000000000000000e+00 0.000000000000000000e+00 -2.775557561562891351e-17 0.000000000000000000e+00 0.000000000000000000e+00 2.220446049250313081e-16 0.000000000000000000e+00 -2.220446049250313081e-16 0.000000000000000000e+00 0.000000000000000000e+00 0.000000000000000000e+00 -4.440892098500626162e-16 0.000000000000000000e+00 2.220446049250313081e-16 0.000000000000000000e+00 2.220446049250313081e-16 0.000000000000000000e+00 0.000000000000000000e+00 0.000000000000000000e+00 0.000000000000000000e+00 -2.220446049250313081e-16 2.220446049250313081e-16 0.000000000000000000e+00 -2.220446049250313081e-16 2.220446049250313081e-16 5.551115123125782702e-17 0.000000000000000000e+00 2.220446049250313081e-16 -5.551115123125782702e-17 0.000000000000000000e+00 0.000000000000000000e+00 0.000000000000000000e+00
3.777484428509947367e-03 1.764296313567226271e-04 1.836758483587247470e-03 6.122528278624250753e-04 -2.629641648314784419e-02 5.259283296629568838e-02 0.000000000000000000e+00 -6.661338147750939243e-16 4.440892098500626162e-16 -3.953914059865781816e-03 5.292888940698070588e-04 6.143531806167196185e-03 3.424625165796862936e-03 -1.655182987982839471e-02 -3.061264139312125376e-03 1.581565623946623589e-03 -2.449011311449700301e-03 7.907828119732007721e-04 0.000000000000000000e+00 2.234250242328184033e-02 0.000000000000000000e+00 0.000000000000000000e+00 2.629641648314873237e-02 -1.314820824157423296e-01 2.629641648314873237e-02 -2.629641648314828828e-02 0.000000000000000000e+00 0.000000000000000000e+00 0.000000000000000000e+00 2.234250242328150726e-02 -2.234250242328217340e-02 -2.234250242328106317e-02 2.629641648314828828e-02 3.953914059866558972e-03 -4.440892098500626162e-16 1.581565623946512567e-02 -2.372348435919824361e-03 -7.907828119732007721e-04 1.186174217959889976e-02 0.000000000000000000e+00 0.000000000000000000e+00 0.000000000000000000e+00
-1.888742214254897356e-02 -8.821481567830025128e-04 -9.183792417936362251e-03 -3.061264139312458443e-03 1.314820824157405532e-01 -2.629641648314837710e-01 0.000000000000000000e+00 6.661338147750939243e-16 0.000000000000000000e+00 1.976957029933157362e-02 -2.646444470348827127e-03 -3.071765903083446825e-02 -1.712312582898314894e-02 8.275914939914158497e-02 1.530632069656107097e-02 -7.907828119732673855e-03 1.224505655724861253e-02 -3.953914059866336927e-03 0.000000000000000000e+00 -1.117125121164098678e-01 0.000000000000000000e+00 0.000000000000000000e+00 -1.314820824157418855e-01 6.574104120787089833e-01 -1.314820824157409973e-01 1.314820824157418855e-01 0.000000000000000000e+00 0.000000000000000000e+00 0.000000000000000000e+00 -1.117125121164093127e-01 1.117125121164097568e-01 1.117125121164097568e-01 -1.314820824157418855e-01 -1.976957029933146259e-02 0.000000000000000000e+00 -7.907828119732684957e-02 1.186174217959901078e-02 3.953914059866336927e-03 -5.930871089799527596e-02 0.000000000000000000e+00 0.000000000000000000e+00 0.000000000000000000e+00
3.777484428509503278e-03 1.764296313567226271e-04 1.836758483587330737e-03 6.122528278625360976e-04 -2.629641648315006464e-02 5.259283296629568838e-02 0.000000000000000000e+00 -8.881784197001252323e-16 0.000000000000000000e+00 -3.953914059866059372e-03 5.292888940696682809e-04 6.143531806166724341e-03 3.424625165796557624e-03 -1.655182987982856124e-02 -3.061264139312347421e-03 1.581565623946512567e-03 -2.449011311449811323e-03 7.907828119733117944e-04 0.000000000000000000e+00 2.234250242328217340e-02 0.000000000000000000e+00 0.000000000000000000e+00 2.629641648314784419e-02 -1.314820824157414414e-01 2.629641648314962055e-02 -2.629641648314828828e-02 0.000000000000000000e+00 0.000000000000000000e+00 0.000000000000000000e+00 2.234250242328195135e-02 -2.234250242328261749e-02 -2.234250242328172931e-02 2.629641648314873237e-02 3.953914059866114883e-03 0.000000000000000000e+00 1.581565623946573629e-02 -2.372348435919824361e-03 -7.907828119733117944e-04 1.186174217959928834e-02 0.000000000000000000e+00 0.000000000000000000e+00 0.000000000000000000e+00
-3.777484428509961245e-03 -1.764296313567226271e-04 -1.836758483587039303e-03 -6.122528278626471199e-04 2.629641648315050872e-02 -5.259283296629524429e-02 0.000000000000000000e+00 -6.661338147750939243e-16 0.000000000000000000e+00 3.953914059865393238e-03 -5.292888940698209366e-04 -6.143531806167182308e-03 -3.424625165796862936e-03 1.655182987982828369e-02 3.061264139312236399e-03 -1.581565623946512567e-03 2.449011311449589279e-03 -7.907828119732007721e-04 0.000000000000000000e+00 -2.234250242328172931e-02 0.000000000000000000e+00 0.000000000000000000e+00 -2.629641648314784419e-02 1.314820824157423296e-01 -2.629641648314873237e-02 2.629641648314740010e-02 0.000000000000000000e+00 0.000000000000000000e+00 0.000000000000000000e+00 -2.234250242328172931e-02 2.234250242328172931e-02 2.234250242328195135e-02 -2.629641648314784419e-02 -3.953914059866558972e-03 0.000000000000000000e+00 -1.581565623946529220e-02 2.372348435919713339e-03 7.907828119732007721e-04 -1.186174217959895527e-02 0.000000000000000000e+00 0.000000000000000000e+00 0.000000000000000000e+00
-2.775557561562891351e-17 0.000000000000000000e+00 -1.110223024625156540e-16 2.220446049250313081e-16 8.326672684688674053e-16 -2.220446049250313081e-16 3.333333333333330373e-01 4.440892098500626162e-16 0.000000000000000000e+00 -4.440892098500626162e-16 0.000000000000000000e+00 -5.551115123125782702e-17 -2.775557561562891351e-17 5.551115123125782702e-17 -1.110223024625156540e-16 0.000000000000000000e+00 1.110223024625156540e-16 -2.220446049250313081e-16 0.000000000000000000e+00 0.000000000000000000e+00 0.000000000000000000e+00 0.000000000000000000e+00 2.220446049250313081e-16 -2.220446049250313081e-16 0.000000000000000000e+00 0.000000000000000000e+00 3.333333333333334814e-01 -3.333333333333334814e-01 0.000000000000000000e+00 0.000000000000000000e+00 0.000000000000000000e+00 -2.220446049250313081e-16 -2.220446049250313081e-16 0.000000000000000000e+00 0.000000000000000000e+00 0.000000000000000000e+00 2.220446049250313081e-16 2.220446049250313081e-16 0.000000000000000000e+00 0.000000000000000000e+00 0.000000000000000000e+00 0.000000000000000000e+00
0.000000000000000000e+00 0.000000000000000000e+00 0.000000000000000000e+00 0.000000000000000000e+00 0.000000000000000000e+00 0.000000000000000000e+00 -3.333333333333330373e-01 0.000000000000000000e+00 0.000000000000000000e+00 0.000000000000000000e+00 0.000000000000000000e+00 0.000000000000000000e+00 0.000000000000000000e+00 0.000000000000000000e+00 0.000000000000000000e+00 0.000000000000000000e+00 0.000000000000000000e+00 0.000000000000000000e+00 0.000000000000000000e+00 0.000000000000000000e+00 0.000000000000000000e+00 0.000000000000000000e+00 0.000000000000000000e+00 0.000000000000000000e+00 0.000000000000000000e+00 0.000000000000000000e+00 -3.333333333333334814e-01 3.333333333333334814e-01 0.000000000000000000e+00 0.000000000000000000e+00 0.000000000000000000e+00 0.000000000000000000e+00 0.000000000000000000e+00 0.000000000000000000e+00 0.000000000000000000e+00 0.000000000000000000e+00 0.000000000000000000e+00 0.000000000000000000e+00 0.000000000000000000e+00 0.000000000000000000e+00 0.000000000000000000e+00 0.000000000000000000e+00
5.551115123125782702e-17 -5.551115123125782702e-17 2.775557561562891351e-17 2.220446049250313081e-16 -8.881784197001252323e-16 4.440892098500626162e-16 0.000000000000000000e+00 2.220446049250313081e-16 -2.220446049250313081e-16 3.330669073875469621e-16 2.775557561562891351e-17 -2.775557561562891351e-17 -2.775557561562891351e-17 2.220446049250313081e-16 0.000000000000000000e+00 0.000000000000000000e+00 2.220446049250313081e-16 -2.220446049250313081e-16 0.000000000000000000e+00 0.000000000000000000e+00 0.000000000000000000e+00 0.000000000000000000e+00 -2.220446049250313081e-16 2.220446049250313081e-16 -4.440892098500626162e-16 2.220446049250313081e-16 0.000000000000000000e+00 0.000000000000000000e+00 0.000000000000000000e+00 4.440892098500626162e-16 2.220446049250313081e-16 -2.220446049250313081e-16 0.000000000000000000e+00 0.000000000000000000e+00 2.220446049250313081e-16 2.220446049250313081e-16 2.220446049250313081e-16 2.220446049250313081e-16 -1.110223024625156540e-16 0.000000000000000000e+00 0.000000000000000000e+00 0.000000000000000000e+00
-2.055247678847682558e-02 -3.044986405467076107e-03 1.294237367165820829e-02 4.314124557219578548e-03 -2.234250242328239544e-02 4.468500484656412475e-02 0.000000000000000000e+00 -4.440892098500626162e-16 -2.220446049250313081e-16 2.359746319394251390e-02 -9.134959216400478921e-03 -1.674506233321929050e-02 -1.446250397754342276e-02 -5.659505513951068600e-02 -2.157062278609711559e-02 -9.438985277577249811e-03 -1.725649822887753704e-02 -4.719492638788902461e-03 0.000000000000000000e+00 4.593996561722590855e-02 0.000000000000000000e+00 0.000000000000000000e+00 2.234250242328217340e-02 -1.117125121164095347e-01 2.234250242328172931e-02 -2.234250242328217340e-02 0.000000000000000000e+00 0.000000000000000000e+00 0.000000000000000000e+00 4.593996561722546446e-02 -4.593996561722613059e-02 -4.593996561722524241e-02 2.234250242328217340e-02 -2.359746319394351310e-02 2.220446049250313081e-16 -9.438985277577338628e-02 1.415847791636615227e-02 4.719492638788902461e-03 -7.079238958183020625e-02 0.000000000000000000e+00 0.000000000000000000e+00 0.000000000000000000e+00
2.055247678847689496e-02 3.044986405466798551e-03 -1.294237367165830543e-02 -4.314124557219523037e-03 2.234250242328150726e-02 -4.468500484656345861e-02 0.000000000000000000e+00 0.000000000000000000e+00 0.000000000000000000e+00 -2.359746319394362413e-02 9.134959216400492799e-03 1.674506233321911008e-02 1.446250397754320072e-02 5.659505513951085254e-02 2.157062278609706008e-02 9.438985277577360833e-03 1.725649822887753704e-02 4.719492638788569394e-03 0.000000000000000000e+00 -4.593996561722568650e-02 -2.220446049250313081e-16 0.000000000000000000e+00 -2.234250242328217340e-02 1.117125121164099788e-01 -2.234250242328172931e-02 2.234250242328239544e-02 0.000000000000000000e+00 0.000000000000000000e+00 2.220446049250313081e-16 -4.593996561722546446e-02 4.593996561722590855e-02 4.593996561722546446e-02 -2.234250242328217340e-02 2.359746319394329106e-02 0.000000000000000000e+00 9.438985277577327526e-02 -1.415847791636593023e-02 -4.719492638788569394e-03 7.079238958183020625e-02 0.000000000000000000e+00 0.000000000000000000e+00 0.000000000000000000e+00
2.055247678847671455e-02 3.044986405466798551e-03 -1.294237367165801400e-02 -4.314124557219467526e-03 2.234250242328084113e-02 -4.468500484656390270e-02 0.000000000000000000e+00 2.499999999999982236e-01 0.000000000000000000e+00 -2.359746319394462333e-02 9.134959216400451165e-03 1.674506233321887416e-02 1.446250397754306194e-02 5.659505513951101907e-02 2.157062278609711559e-02 9.438985277577471855e-03 1.725649822887764806e-02 4.719492638788458372e-03 0.000000000000000000e+00 -4.593996561722513139e-02 -2.220446049250313081e-16 0.000000000000000000e+00 -2.234250242328217340e-02 1.117125121164099788e-01 -2.234250242328217340e-02 2.234250242328217340e-02 0.000000000000000000e+00 0.000000000000000000e+00 2.220446049250313081e-16 -4.593996561722613059e-02 4.593996561722413219e-02 2.959399656172263526e-01 2.276574975767178266e-01 -2.264025368060575971e-01 0.000000000000000000e+00 9.438985277577349731e-02 -1.415847791636593023e-02 -4.719492638788458372e-03 7.079238958183020625e-02 0.000000000000000000e+00 0.000000000000000000e+00 0.000000000000000000e+00
3.777484428509669812e-03 1.764296313564450713e-04 1.836758483587275226e-03 6.122528278627026310e-04 -2.629641648314517965e-02 5.259283296629524429e-02 0.000000000000000000e+00 2.500000000000035527e-01 0.000000000000000000e+00 -3.953914059865781816e-03 5.292888940697237921e-04 6.143531806166613318e-03 3.424625165796391091e-03 -1.655182987982839471e-02 -3.061264139312402932e-03 1.581565623946512567e-03 -2.449011311449700301e-03 7.907828119734228167e-04 0.000000000000000000e+00 2.234250242328228442e-02 2.220446049250313081e-16 0.000000000000000000e+00 2.629641648314917646e-02 -1.314820824157423296e-01 2.629641648314917646e-02 -2.629641648314917646e-02 0.000000000000000000e+00 0.000000000000000000e+00 -2.220446049250313081e-16 2.234250242328239544e-02 -2.234250242328172931e-02 2.276574975767169384e-01 2.762964164831474001e-01 -2.460460859401321088e-01 0.000000000000000000e+00 1.581565623946556975e-02 -2.372348435919935383e-03 -7.907828119734228167e-04 1.186174217959923283e-02 0.000000000000000000e+00 0.000000000000000000e+00 0.000000000000000000e+00
2.432996121698637049e-02 3.221416036823354645e-03 -1.110561518807064163e-02 -3.701871729357097962e-03 -3.953914059863228303e-03 7.907828119731785677e-03 0.000000000000000000e+00 -2.500000000000000000e-01 0.000000000000000000e+00 -2.755137725380918390e-02 9.664248110470161079e-03 2.288859413938561238e-02 1.788712914333956405e-02 4.004322525968240232e-02 1.850935864678482368e-02 1.102055090152398442e-02 1.480748691742772571e-02 5.510275450761881189e-03 0.000000000000000000e+00 -2.359746319394295799e-02 4.440892098500626162e-16 0.000000000000000000e+00 3.953914059867003061e-03 -1.976957029933235077e-02 3.953914059866558972e-03 -3.953914059867003061e-03 0.000000000000000000e+00 0.000000000000000000e+00 -4.440892098500626162e-16 -2.359746319394329106e-02 2.359746319394373515e-02 -2.264025368060567089e-01 -2.460460859401334410e-01 2.775513772538098500e-01 0.000000000000000000e+00 1.102055090152392891e-01 -1.653082635228586561e-02 -5.510275450761881189e-03 8.265413176142943907e-02 0.000000000000000000e+00 0.000000000000000000e+00 0.000000000000000000e+00
0.000000000000000000e+00 0.000000000000000000e+00 -2.220446049250313081e-16 2.775557561562891351e-16 -2.220446049250313081e-15 4.440892098500626162e-16 0.000000000000000000e+00 -1.776356839400250465e-15 5.000000000000000000e-01 9.992007221626408864e-16 0.000000000000000000e+00 0.000000000000000000e+00 0.000000000000000000e+00 0.000000000000000000e+00 -1.665334536937734811e-16 0.000000000000000000e+00 1.110223024625156540e-16 0.000000000000000000e+00 0.000000000000000000e+00 0.000000000000000000e+00 2.220446049250313081e-16 0.000000000000000000e+00 -4.440892098500626162e-16 4.440892098500626162e-16 -4.440892098500626162e-16 4.440892098500626162e-16 0.000000000000000000e+00 0.000000000000000000e+00 -2.220446049250313081e-16 0.000000000000000000e+00 0.000000000000000000e+00 4.440892098500626162e-16 8.881784197001252323e-16 -4.440892098500626162e-16 5.000000000000000000e-01 3.330669073875469621e-16 0.000000000000000000e+00 0.000000000000000000e+00 -1.110223024625156540e-16 0.000000000000000000e+00 0.000000000000000000e+00 0.000000000000000000e+00
9.731984486794546807e-02 1.288566414729352960e-02 -4.442246075228337143e-02 -1.480748691742794776e-02 -1.581565623946523669e-02 3.163131247893069542e-02 0.000000000000000000e+00 6.661338147750939243e-16 0.000000000000000000e+00 -1.102055090152395667e-01 3.865699244188060268e-02 9.155437655754265769e-02 7.154851657335839499e-02 1.601729010387295538e-01 7.403743458713893388e-02 4.408220360609582666e-02 5.922994766971098612e-02 2.204110180304785782e-02 0.000000000000000000e+00 -9.438985277577333077e-02 -5.551115123125782702e-17 0.000000000000000000e+00 1.581565623946523669e-02 -7.907828119732668304e-02 1.581565623946601384e-02 -1.581565623946540322e-02 0.000000000000000000e+00 0.000000000000000000e+00 5.551115123125782702e-17 -9.438985277577316424e-02 9.438985277577310873e-02 9.438985277577327526e-02 1.581565623946568078e-02 1.102055090152396222e-01 0.000000000000000000e+00 4.408220360609564903e-01 -6.612330540914368449e-02 -2.204110180304785782e-02 3.306165270457174787e-01 0.000000000000000000e+00 0.000000000000000000e+00 0.000000000000000000e+00
-1.459797673019178066e-02 -1.932849622094112707e-03 6.663369112842709718e-03 2.221123037614014528e-03 2.372348435916160625e-03 -4.744696871836540097e-03 -2.220446049250313081e-16 -1.443289932012703503e-15 -6.661338147750939243e-16 1.653082635228519948e-02 -5.798548866282060565e-03 -1.373315648363149233e-02 -1.073227748600383280e-02 -2.402593515580941919e-02 -1.110561518807073877e-02 3.933876694590856538e-01 -8.884492150456724247e-03 1.966938347295430489e-01 0.000000000000000000e+00 1.415847791636570818e-02 2.220446049250313081e-16 0.000000000000000000e+00 -2.372348435920601517e-03 1.186174217960056509e-02 -2.372348435920601517e-03 2.372348435920712539e-03 0.000000000000000000e+00 -2.220446049250313081e-16 0.000000000000000000e+00 1.415847791636626329e-02 -1.415847791636581920e-02 -1.415847791636604125e-02 -2.372348435919269249e-03 -1.653082635228675379e-02 6.661338147750939243e-16 -6.612330540914346244e-02 4.099184958113712973e-01 -1.966938347295430489e-01 -4.959247905685770785e-02 0.000000000000000000e+00 0.000000000000000000e+00 0.000000000000000000e+00
-4.865992243397315731e-03 -6.442832073646487245e-04 2.221123037614153306e-03 7.403743458714862058e-04 7.907828119720905491e-04 -1.581565623946179500e-03 0.000000000000000000e+00 -3.330669073875469621e-16 -4.440892098500626162e-16 5.510275450761437099e-03 -1.932849622094029440e-03 -4.577718827877191865e-03 -3.577425828667935015e-03 -8.008645051936436055e-03 -3.701871729356986940e-03 -2.022041101803049301e-01 -2.961497383485500734e-03 3.988979449098477570e-01 0.000000000000000000e+00 4.719492638788569394e-03 0.000000000000000000e+00 0.000000000000000000e+00 -7.907828119733117944e-04 3.953914059866669994e-03 -7.907828119732007721e-04 7.907828119736448613e-04 0.000000000000000000e+00 0.000000000000000000e+00 0.000000000000000000e+00 4.719492638788902461e-03 -4.719492638788458372e-03 -4.719492638788791439e-03 -7.907828119732007721e-04 -5.510275450762325278e-03 4.440892098500626162e-16 -2.204110180304785782e-02 -1.966938347295428269e-01 6.011020550901522430e-01 -1.653082635228586561e-02 0.000000000000000000e+00 0.000000000000000000e+00 0.000000000000000000e+00
7.298988365095909758e-02 9.664248110470161079e-03 -3.331684556421246612e-02 -1.110561518807096082e-02 -1.186174217959856669e-02 2.372348435919818810e-02 0.000000000000000000e+00 0.000000000000000000e+00 0.000000000000000000e+00 -8.265413176142977214e-02 2.899274433141045895e-02 6.866578241815698980e-02 5.366138743001880318e-02 1.201296757790471931e-01 5.552807594035422123e-02 3.306165270457184224e-02 4.442246075228326041e-02 1.653082635228586561e-02 0.000000000000000000e+00 -7.079238958182992869e-02 5.551115123125782702e-17 0.000000000000000000e+00 1.186174217959901078e-02 -5.930871089799505391e-02 1.186174217959928834e-02 -1.186174217959917732e-02 0.000000000000000000e+00 0.000000000000000000e+00 -5.551115123125782702e-17 -7.079238958182998420e-02 7.079238958182987318e-02 7.079238958183003971e-02 1.186174217959951038e-02 8.265413176142955010e-02 0.000000000000000000e+00 3.306165270457174232e-01 -4.959247905685770785e-02 -1.653082635228586561e-02 2.479623952842880952e-01 0.000000000000000000e+00 0.000000000000000000e+00 0.000000000000000000e+00
0.000000000000000000e+00 0.000000000000000000e+00 0.000000000000000000e+00 0.000000000000000000e+00 0.000000000000000000e+00 0.000000000000000000e+00 0.000000000000000000e+00 0.000000000000000000e+00 0.000000000000000000e+00 0.000000000000000000e+00 0.000000000000000000e+00 0.000000000000000000e+00 0.000000000000000000e+00 0.000000000000000000e+00 0.000000000000000000e+00 0.000000000000000000e+00 0.000000000000000000e+00 0.000000000000000000e+00 0.000000000000000000e+00 0.000000000000000000e+00 0.000000000000000000e+00 0.000000000000000000e+00 0.000000000000000000e+00 0.000000000000000000e+00 0.000000000000000000e+00 0.000000000000000000e+00 0.000000000000000000e+00 0.000000000000000000e+00 0.000000000000000000e+00 0.000000000000000000e+00 0.000000000000000000e+00 0.000000000000000000e+00 0.000000000000000000e+00 0.000000000000000000e+00 0.000000000000000000e+00 0.000000000000000000e+00 0.000000000000000000e+00 0.000000000000000000e+00 0.000000000000000000e+00 1.000000000000000000e+00 0.000000000000000000e+00 0.000000000000000000e+00
0.000000000000000000e+00 0.000000000000000000e+00 0.000000000000000000e+00 0.000000000000000000e+00 0.000000000000000000e+00 0.000000000000000000e+00 0.000000000000000000e+00 0.000000000000000000e+00 0.000000000000000000e+00 0.000000000000000000e+00 0.000000000000000000e+00 0.000000000000000000e+00 0.000000000000000000e+00 0.000000000000000000e+00 0.000000000000000000e+00 0.000000000000000000e+00 0.000000000000000000e+00 0.000000000000000000e+00 0.000000000000000000e+00 0.000000000000000000e+00 0.000000000000000000e+00 0.000000000000000000e+00 0.000000000000000000e+00 0.000000000000000000e+00 0.000000000000000000e+00 0.000000000000000000e+00 0.000000000000000000e+00 0.000000000000000000e+00 0.000000000000000000e+00 0.000000000000000000e+00 0.000000000000000000e+00 0.000000000000000000e+00 0.000000000000000000e+00 0.000000000000000000e+00 0.000000000000000000e+00 0.000000000000000000e+00 0.000000000000000000e+00 0.000000000000000000e+00 0.000000000000000000e+00 0.000000000000000000e+00 1.000000000000000000e+00 0.000000000000000000e+00
0.000000000000000000e+00 0.000000000000000000e+00 0.000000000000000000e+00 0.000000000000000000e+00 0.000000000000000000e+00 0.000000000000000000e+00 0.000000000000000000e+00 0.000000000000000000e+00 0.000000000000000000e+00 0.000000000000000000e+00 0.000000000000000000e+00 0.000000000000000000e+00 0.000000000000000000e+00 0.000000000000000000e+00 0.000000000000000000e+00 0.000000000000000000e+00 0.000000000000000000e+00 0.000000000000000000e+00 0.000000000000000000e+00 0.000000000000000000e+00 0.000000000000000000e+00 0.000000000000000000e+00 0.000000000000000000e+00 0.000000000000000000e+00 0.000000000000000000e+00 0.000000000000000000e+00 0.000000000000000000e+00 0.000000000000000000e+00 0.000000000000000000e+00 0.000000000000000000e+00 0.000000000000000000e+00 0.000000000000000000e+00 0.000000000000000000e+00 0.000000000000000000e+00 0.000000000000000000e+00 0.000000000000000000e+00 0.000000000000000000e+00 0.000000000000000000e+00 0.000000000000000000e+00 0.000000000000000000e+00 0.000000000000000000e+00 1.000000000000000000e+00
