122
1 1 2 1 1 1 1
2 1 3 1 1 1 1
3 2 1 1 1 2 1
4 2 12 1 1 2 1
5 3 1 1 1 3 1
6 3 5 1 1 3 1
7 3 12 1 1 3 1
8 4 5 1 1 4 1
9 4 11 1 1 4 1
10 5 3 1 1 5 1
11 5 4 1 1 5 1
12 5 6 1 1 5 1
13 5 8 1 1 5 1
14 5 11 1 1 5 1
15 6 5 1 1 6 1
16 6 7 1 1 6 1
17 7 6 1 1 7 1
18 7 12 1 1 7 1
19 8 5 1 1 8 1
20 8 9 1 1 8 1
21 8 30 1 1 8 1
22 9 8 1 1 9 1
23 9 10 1 1 9 1
24 10 9 1 1 10 1
25 11 4 1 1 11 1
26 11 5 1 1 11 1
27 11 12 1 1 11 1
28 11 13 1 1 11 1
29 12 2 1 1 12 1
30 12 3 1 1 12 1
31 12 7 1 1 12 1
32 12 11 1 1 12 1
33 12 14 1 1 12 1
34 12 16 1 1 12 1
35 12 117 1 1 12 1
36 13 11 1 1 13 1
37 13 15 1 1 13 1
38 14 12 1 1 14 1
39 14 15 1 1 14 1
40 16 12 1 1 16 1
41 16 17 1 1 16 1
42 17 15 1 1 17 1
43 17 16 1 1 17 1
44 17 18 1 1 17 1
45 17 30 1 1 17 1
46 17 31 1 1 17 1
47 17 113 1 1 17 1
48 18 17 1 1 18 1
49 18 19 1 1 18 1
50 19 15 1 1 19 1
51 19 18 1 1 19 1
52 19 20 1 1 19 1
53 19 34 1 1 19 1
54 20 19 1 1 20 1
55 20 21 1 1 20 1
67 26 30 1 1 26 1
72 30 8 1 1 30 1
73 30 17 1 1 30 1
74 30 26 1 1 30 1
75 30 38 1 1 30 1
76 31 17 1 1 31 1
77 31 29 1 1 31 1
78 31 32 1 1 31 1
81 32 31 1 1 32 1
82 32 113 1 1 32 1
84 33 15 1 1 33 1
85 33 37 1 1 33 1
86 34 19 1 1 34 1
87 34 36 1 1 34 1
88 34 37 1 1 34 1
89 34 43 1 1 34 1
90 35 36 1 1 35 1
91 35 37 1 1 35 1
92 36 34 1 1 36 1
93 36 35 1 1 36 1
94 37 33 1 1 37 1
95 37 34 1 1 37 1
96 37 35 1 1 37 1
97 37 38 1 1 37 1
98 37 39 1 1 37 1
99 37 40 1 1 37 1
100 38 30 1 1 38 1
101 38 37 1 1 38 1
102 38 65 1 1 38 1
103 40 37 1 1 40 1
104 40 39 1 1 40 1
105 40 41 1 1 40 1
106 40 42 1 1 40 1
107 41 40 1 1 41 1
109 42 40 1 1 42 1
178 65 38 1 1 65 1
302 113 17 1 1 113 1
303 113 32 1 1 113 1
311 1 1 1 2 1 1
312 2 2 1 2 2 1
313 3 3 1 2 3 1
314 4 4 1 2 4 1
315 5 5 1 2 5 1
316 6 6 1 2 6 1
317 7 7 1 2 7 1
318 8 8 1 2 8 1
319 9 9 1 2 9 1
320 10 10 1 2 10 1
321 11 11 1 2 11 1
322 12 12 1 2 12 1
323 13 13 1 2 13 1
324 14 14 1 2 14 1
325 16 16 1 2 16 1
326 17 17 1 2 17 1
327 18 18 1 2 18 1
328 19 19 1 2 19 1
329 20 20 1 2 20 1
335 30 30 1 2 30 1
336 31 31 1 2 31 1
338 33 33 1 2 33 1
339 34 34 1 2 34 1
340 35 35 1 2 35 1
341 36 36 1 2 36 1
342 37 37 1 2 37 1
343 38 38 1 2 38 1
344 40 40 1 2 40 1
404 113 113 1 2 113 1
