108
220 77 80 1 1 77 1
221 77 82 1 1 77 1
222 79 78 1 1 79 1
223 79 80 1 1 79 1
224 80 77 1 1 80 1
225 80 79 1 1 80 1
226 80 81 1 1 80 1
227 80 96 1 1 80 1
228 80 97 1 1 80 1
229 80 98 1 1 80 1
230 80 99 1 1 80 1
231 82 77 1 1 82 1
232 82 83 1 1 82 1
233 82 96 1 1 82 1
234 83 82 1 1 83 1
235 83 84 1 1 83 1
236 83 85 1 1 83 1
237 84 83 1 1 84 1
238 84 85 1 1 84 1
239 86 85 1 1 86 1
240 86 87 1 1 86 1
241 87 86 1 1 87 1
242 89 85 1 1 89 1
243 89 88 1 1 89 1
244 89 90 1 1 89 1
245 89 92 1 1 89 1
246 90 89 1 1 90 1
247 90 91 1 1 90 1
248 91 90 1 1 91 1
249 91 92 1 1 91 1
250 92 89 1 1 92 1
251 92 91 1 1 92 1
252 92 93 1 1 92 1
253 92 94 1 1 92 1
254 92 100 1 1 92 1
255 92 102 1 1 92 1
256 93 92 1 1 93 1
257 93 94 1 1 93 1
258 94 92 1 1 94 1
259 94 93 1 1 94 1
260 94 95 1 1 94 1
261 94 96 1 1 94 1
262 94 100 1 1 94 1
263 95 94 1 1 95 1
264 95 96 1 1 95 1
265 96 80 1 1 96 1
266 96 82 1 1 96 1
267 96 94 1 1 96 1
268 96 95 1 1 96 1
269 96 97 1 1 96 1
270 97 80 1 1 97 1
271 97 96 1 1 97 1
272 99 80 1 1 99 1
273 99 100 1 1 99 1
274 100 92 1 1 100 1
275 100 94 1 1 100 1
276 100 98 1 1 100 1
277 100 99 1 1 100 1
278 100 101 1 1 100 1
279 100 103 1 1 100 1
280 100 104 1 1 100 1
281 100 106 1 1 100 1
282 101 100 1 1 101 1
283 101 102 1 1 101 1
284 102 92 1 1 102 1
285 102 101 1 1 102 1
286 103 100 1 1 103 1
287 103 104 1 1 103 1
288 103 105 1 1 103 1
289 103 110 1 1 103 1
290 106 100 1 1 106 1
291 106 105 1 1 106 1
292 106 107 1 1 106 1
293 107 105 1 1 107 1
294 107 106 1 1 107 1
295 108 105 1 1 108 1
296 108 109 1 1 108 1
297 110 103 1 1 110 1
298 110 109 1 1 110 1
299 110 111 1 1 110 1
300 110 112 1 1 110 1
301 111 110 1 1 111 1
378 79 79 1 2 79 1
379 80 80 1 2 80 1
380 82 82 1 2 82 1
381 83 83 1 2 83 1
382 84 84 1 2 84 1
383 86 86 1 2 86 1
384 87 87 1 2 87 1
385 89 89 1 2 89 1
386 90 90 1 2 90 1
387 91 91 1 2 91 1
388 92 92 1 2 92 1
389 93 93 1 2 93 1
390 94 94 1 2 94 1
391 95 95 1 2 95 1
392 96 96 1 2 96 1
393 97 97 1 2 97 1
394 99 99 1 2 99 1
395 100 100 1 2 100 1
396 101 101 1 2 101 1
397 102 102 1 2 102 1
398 103 103 1 2 103 1
399 106 106 1 2 106 1
400 107 107 1 2 107 1
401 108 108 1 2 108 1
402 110 110 1 2 110 1
403 111 111 1 2 111 1
