197
55 20 21 1 1 20 1
56 23 22 1 1 23 1
57 23 24 1 1 23 1
58 23 25 1 1 23 1
59 23 32 1 1 23 1
60 24 23 1 1 24 1
61 24 70 1 1 24 1
62 24 72 1 1 24 1
63 25 23 1 1 25 1
64 25 26 1 1 25 1
65 25 27 1 1 25 1
66 26 25 1 1 26 1
67 26 30 1 1 26 1
68 27 25 1 1 27 1
69 27 28 1 1 27 1
70 27 32 1 1 27 1
71 27 115 1 1 27 1
74 30 26 1 1 30 1
78 31 32 1 1 31 1
79 32 23 1 1 32 1
80 32 27 1 1 32 1
81 32 31 1 1 32 1
82 32 113 1 1 32 1
83 32 114 1 1 32 1
102 38 65 1 1 38 1
105 40 41 1 1 40 1
106 40 42 1 1 40 1
107 41 40 1 1 41 1
108 41 42 1 1 41 1
109 42 40 1 1 42 1
110 42 41 1 1 42 1
111 42 49 1 1 42 1
112 45 44 1 1 45 1
113 45 46 1 1 45 1
114 45 49 1 1 45 1
115 46 45 1 1 46 1
116 46 47 1 1 46 1
117 46 48 1 1 46 1
118 47 46 1 1 47 1
119 47 49 1 1 47 1
120 47 69 1 1 47 1
121 48 46 1 1 48 1
122 48 49 1 1 48 1
123 49 42 1 1 49 1
124 49 45 1 1 49 1
125 49 47 1 1 49 1
126 49 48 1 1 49 1
127 49 50 1 1 49 1
128 49 51 1 1 49 1
129 49 54 1 1 49 1
130 49 66 1 1 49 1
131 49 69 1 1 49 1
132 50 49 1 1 50 1
133 50 57 1 1 50 1
134 51 49 1 1 51 1
135 51 52 1 1 51 1
136 51 58 1 1 51 1
137 52 51 1 1 52 1
138 52 53 1 1 52 1
139 53 52 1 1 53 1
140 53 54 1 1 53 1
141 54 49 1 1 54 1
142 54 53 1 1 54 1
143 54 55 1 1 54 1
144 54 56 1 1 54 1
145 54 59 1 1 54 1
146 55 54 1 1 55 1
147 55 56 1 1 55 1
148 55 59 1 1 55 1
149 56 54 1 1 56 1
150 56 55 1 1 56 1
151 56 57 1 1 56 1
152 56 58 1 1 56 1
153 56 59 1 1 56 1
154 58 51 1 1 58 1
155 58 56 1 1 58 1
156 59 54 1 1 59 1
157 59 55 1 1 59 1
158 59 56 1 1 59 1
159 59 60 1 1 59 1
160 59 61 1 1 59 1
161 59 63 1 1 59 1
162 60 59 1 1 60 1
163 60 61 1 1 60 1
164 60 62 1 1 60 1
165 61 59 1 1 61 1
166 61 60 1 1 61 1
167 61 62 1 1 61 1
168 61 64 1 1 61 1
169 62 60 1 1 62 1
170 62 61 1 1 62 1
171 62 66 1 1 62 1
172 62 67 1 1 62 1
173 63 59 1 1 63 1
174 63 64 1 1 63 1
175 64 61 1 1 64 1
176 64 63 1 1 64 1
177 64 65 1 1 64 1
178 65 38 1 1 65 1
179 65 64 1 1 65 1
180 65 66 1 1 65 1
181 65 68 1 1 65 1
182 66 49 1 1 66 1
183 66 62 1 1 66 1
184 66 65 1 1 66 1
185 66 67 1 1 66 1
186 67 62 1 1 67 1
187 67 66 1 1 67 1
188 68 65 1 1 68 1
189 68 69 1 1 68 1
190 68 81 1 1 68 1
191 68 116 1 1 68 1
192 69 47 1 1 69 1
193 69 49 1 1 69 1
194 69 68 1 1 69 1
195 69 70 1 1 69 1
196 69 75 1 1 69 1
197 69 77 1 1 69 1
198 70 24 1 1 70 1
199 70 69 1 1 70 1
200 70 71 1 1 70 1
201 70 74 1 1 70 1
202 70 75 1 1 70 1
203 71 70 1 1 71 1
204 71 72 1 1 71 1
205 71 73 1 1 71 1
206 72 24 1 1 72 1
207 72 71 1 1 72 1
208 73 71 1 1 73 1
209 74 70 1 1 74 1
210 74 75 1 1 74 1
211 75 69 1 1 75 1
212 75 70 1 1 75 1
213 75 74 1 1 75 1
214 75 77 1 1 75 1
215 75 118 1 1 75 1
216 77 69 1 1 77 1
217 77 75 1 1 77 1
218 77 76 1 1 77 1
219 77 78 1 1 77 1
220 77 80 1 1 77 1
221 77 82 1 1 77 1
222 79 78 1 1 79 1
224 80 77 1 1 80 1
226 80 81 1 1 80 1
231 82 77 1 1 82 1
303 113 32 1 1 113 1
304 114 32 1 1 114 1
305 114 115 1 1 114 1
306 115 27 1 1 115 1
307 115 114 1 1 115 1
308 116 68 1 1 116 1
309 118 75 1 1 118 1
310 118 76 1 1 118 1
330 23 23 1 2 23 1
331 24 24 1 2 24 1
332 25 25 1 2 25 1
333 26 26 1 2 26 1
334 27 27 1 2 27 1
337 32 32 1 2 32 1
345 41 41 1 2 41 1
346 42 42 1 2 42 1
347 45 45 1 2 45 1
348 46 46 1 2 46 1
349 47 47 1 2 47 1
350 48 48 1 2 48 1
351 49 49 1 2 49 1
352 50 50 1 2 50 1
353 51 51 1 2 51 1
354 52 52 1 2 52 1
355 53 53 1 2 53 1
356 54 54 1 2 54 1
357 55 55 1 2 55 1
358 56 56 1 2 56 1
359 58 58 1 2 58 1
360 59 59 1 2 59 1
361 60 60 1 2 60 1
362 61 61 1 2 61 1
363 62 62 1 2 62 1
364 63 63 1 2 63 1
365 64 64 1 2 64 1
366 65 65 1 2 65 1
367 66 66 1 2 66 1
368 67 67 1 2 67 1
369 68 68 1 2 68 1
370 69 69 1 2 69 1
371 70 70 1 2 70 1
372 71 71 1 2 71 1
373 72 72 1 2 72 1
374 73 73 1 2 73 1
375 74 74 1 2 74 1
376 75 75 1 2 75 1
377 77 77 1 2 77 1
405 114 114 1 2 114 1
406 115 115 1 2 115 1
407 116 116 1 2 116 1
408 118 118 1 2 118 1
