29
112 53 54 1 1 53 1
113 54 53 1 1 54 1
114 54 55 1 1 54 1
115 54 56 1 1 54 1
116 54 59 1 1 54 1
117 55 54 1 1 55 1
118 55 56 1 1 55 1
119 55 59 1 1 55 1
120 56 54 1 1 56 1
121 56 55 1 1 56 1
122 56 57 1 1 56 1
123 56 58 1 1 56 1
124 56 59 1 1 56 1
126 57 56 1 1 57 1
128 58 56 1 1 58 1
129 59 54 1 1 59 1
130 59 55 1 1 59 1
131 59 56 1 1 59 1
132 59 60 1 1 59 1
133 59 61 1 1 59 1
134 59 63 1 1 59 1
135 60 59 1 1 60 1
139 63 59 1 1 63 1
284 54 54 1 2 54 1
285 57 57 1 2 57 1
286 59 59 1 2 59 1
287 60 60 1 2 60 1
288 61 61 1 2 61 1
290 63 63 1 2 63 1
6.469724085275330161e-01 3.530275914724669839e-01 -6.020772200912127836e-02 -5.241171879020989355e-02 -4.998290370115954229e-02 6.020772200912127836e-02 7.796003218911384813e-03 1.022481830796173607e-02 5.241171879020989355e-02 -7.796003218911384813e-03 -2.244899013459367154e-06 3.118625777465822146e-02 2.428815089050351261e-03 2.244899013459367154e-06 -3.118625777465822146e-02 4.998290370115954229e-02 -1.022481830796173607e-02 -2.428815089050351261e-03 -6.319517832144905256e-03 -6.560504758681862114e-03 -5.996709227058305558e-03 6.319517832144905256e-03 5.996709227058305558e-03 1.380045485857100962e-01 -1.665334536937734811e-15 1.845253848626238202e-02 5.322832586462822313e-03 5.853649036911323655e-03 4.999782439735422912e-03
3.530275914724669839e-01 6.469724085275330161e-01 6.020772200912127836e-02 5.241171879020989355e-02 4.998290370115954229e-02 -6.020772200912127836e-02 -7.796003218911384813e-03 -1.022481830796173607e-02 -5.241171879020989355e-02 7.796003218911384813e-03 2.244899013459367154e-06 -3.118625777465822146e-02 -2.428815089050351261e-03 -2.244899013459367154e-06 3.118625777465822146e-02 -4.998290370115954229e-02 1.022481830796173607e-02 2.428815089050351261e-03 6.319517832144905256e-03 6.560504758681862114e-03 5.996709227058305558e-03 -6.319517832144905256e-03 -5.996709227058305558e-03 -1.380045485857100962e-01 1.665334536937734811e-15 -1.845253848626238202e-02 -5.322832586462822313e-03 -5.853649036911323655e-03 -4.999782439735422912e-03
-6.020772200911950200e-02 6.020772200911950200e-02 8.351108288373219057e-01 -3.121387590072177698e-02 -4.117077789478318373e-02 1.648891711626780943e-01 1.336752952619563173e-01 1.237183932678949105e-01 3.121387590072177698e-02 -1.336752952619563173e-01 1.712827408152250985e-02 1.757290696631008675e-02 -9.956901994061406747e-03 -1.712827408152250985e-02 -1.757290696631008675e-02 4.117077789478318373e-02 -1.237183932678949105e-01 9.956901994061406747e-03 1.939680295424983658e-02 2.181039412683094536e-02 1.571611820672846882e-02 -1.939680295424983658e-02 -1.571611820672846882e-02 -1.397668825236972889e-01 -6.661338147750939243e-16 -1.566739809124106930e-02 -2.510753394024178853e-03 -3.707609368377551284e-03 -1.164333570654929595e-03
-5.241171879020856128e-02 5.241171879020856128e-02 -3.121387590072133289e-02 8.622751118962426187e-01 -3.671060340448351056e-02 3.121387590072133289e-02 -1.065110122030360484e-01 -5.496727503762177669e-03 1.377248881037573813e-01 1.065110122030360484e-01 3.672813135943464591e-02 3.722781982841849580e-02 1.010142846992738708e-01 -3.672813135943464591e-02 -3.722781982841849580e-02 3.671060340448351056e-02 5.496727503762177669e-03 -1.010142846992738708e-01 1.401005590958070979e-02 1.549917312856852192e-02 1.176000842549163039e-02 -1.401005590958070979e-02 -1.176000842549163039e-02 -1.440500112847719061e-01 2.220446049250313081e-16 -1.753771632738732045e-02 -3.913123906805759944e-03 -4.843258808207573374e-03 -2.994509747865303773e-03
-4.998290370115932024e-02 4.998290370115932024e-02 -4.117077789478351679e-02 -3.671060340448373260e-02 9.100196805537910105e-01 4.117077789478351679e-02 4.460174490299784189e-03 -4.880954155142547268e-02 3.671060340448373260e-02 -4.460174490299784189e-03 6.915979351901135885e-03 1.092471860929622451e-02 -5.326971604172525687e-02 -6.915979351901135885e-03 -1.092471860929622451e-02 8.998031944620898948e-02 4.880954155142547268e-02 5.326971604172525687e-02 -2.350250553011556942e-02 -2.227650696613991954e-02 -2.571225983459801689e-02 2.350250553011556942e-02 2.571225983459801689e-02 -1.269254830411956636e-01 1.110223024625156540e-16 1.205683047085062132e-01 3.732587160716316355e-02 3.984821035822372348e-02 3.657434571001927370e-02
6.020772200911950200e-02 -6.020772200911950200e-02 1.648891711626780943e-01 3.121387590072177698e-02 4.117077789478318373e-02 8.351108288373219057e-01 -1.336752952619563173e-01 -1.237183932678949105e-01 -3.121387590072177698e-02 1.336752952619563173e-01 -1.712827408152250985e-02 -1.757290696631008675e-02 9.956901994061406747e-03 1.712827408152250985e-02 1.757290696631008675e-02 -4.117077789478318373e-02 1.237183932678949105e-01 -9.956901994061406747e-03 -1.939680295424983658e-02 -2.181039412683094536e-02 -1.571611820672846882e-02 1.939680295424983658e-02 1.571611820672846882e-02 1.397668825236972889e-01 6.661338147750939243e-16 1.566739809124106930e-02 2.510753394024178853e-03 3.707609368377551284e-03 1.164333570654929595e-03
7.796003218910940724e-03 -7.796003218910940724e-03 1.336752952619567614e-01 -1.065110122030356044e-01 4.460174490299673167e-03 -1.336752952619567614e-01 7.598136925350076343e-01 -1.292151207716570882e-01 1.065110122030356044e-01 2.401863074649923657e-01 1.959985727791213606e-02 1.965491286210840904e-02 1.109711866933352775e-01 -1.959985727791213606e-02 -1.965491286210840904e-02 -4.460174490299673167e-03 1.292151207716570882e-01 -1.109711866933352775e-01 -5.386747044669126794e-03 -6.311220998262423443e-03 -3.956109781236838430e-03 5.386747044669126794e-03 3.956109781236838430e-03 -4.283128761074617152e-03 8.881784197001252323e-16 -1.870318236146251145e-03 -1.402370512781581091e-03 -1.135649439830022089e-03 -1.830176177210374178e-03
1.022481830796018176e-02 -1.022481830796018176e-02 1.237183932678945775e-01 -5.496727503761955624e-03 -4.880954155142580575e-02 -1.237183932678945775e-01 -1.292151207716565331e-01 8.274720651806796168e-01 5.496727503761955624e-03 1.292151207716565331e-01 -1.021229472962137397e-02 -6.648188357013862237e-03 -4.331281404766385013e-02 1.021229472962137397e-02 6.648188357013862237e-03 4.880954155142580575e-02 1.725279348193203832e-01 4.331281404766385013e-02 -4.289930848436540600e-02 -4.408690109297086490e-02 -4.142837804132648571e-02 4.289930848436540600e-02 4.142837804132648571e-02 1.284139948250162533e-02 7.771561172376095783e-16 1.362357027997472825e-01 3.983662500118734240e-02 4.355581972660127477e-02 3.773867928067420330e-02
5.241171879020856128e-02 -5.241171879020856128e-02 3.121387590072133289e-02 1.377248881037573813e-01 3.671060340448351056e-02 -3.121387590072133289e-02 1.065110122030360484e-01 5.496727503762177669e-03 8.622751118962426187e-01 -1.065110122030360484e-01 -3.672813135943464591e-02 -3.722781982841849580e-02 -1.010142846992738708e-01 3.672813135943464591e-02 3.722781982841849580e-02 -3.671060340448351056e-02 -5.496727503762177669e-03 1.010142846992738708e-01 -1.401005590958070979e-02 -1.549917312856852192e-02 -1.176000842549163039e-02 1.401005590958070979e-02 1.176000842549163039e-02 1.440500112847719061e-01 -2.220446049250313081e-16 1.753771632738732045e-02 3.913123906805759944e-03 4.843258808207573374e-03 2.994509747865303773e-03
-7.796003218910940724e-03 7.796003218910940724e-03 -1.336752952619567614e-01 1.065110122030356044e-01 -4.460174490299673167e-03 1.336752952619567614e-01 2.401863074649923657e-01 1.292151207716570882e-01 -1.065110122030356044e-01 7.598136925350076343e-01 -1.959985727791213606e-02 -1.965491286210840904e-02 -1.109711866933352775e-01 1.959985727791213606e-02 1.965491286210840904e-02 4.460174490299673167e-03 -1.292151207716570882e-01 1.109711866933352775e-01 5.386747044669126794e-03 6.311220998262423443e-03 3.956109781236838430e-03 -5.386747044669126794e-03 -3.956109781236838430e-03 4.283128761074617152e-03 -8.881784197001252323e-16 1.870318236146251145e-03 1.402370512781581091e-03 1.135649439830022089e-03 1.830176177210374178e-03
-2.244899014125500969e-06 2.244899014125500969e-06 1.712827408152195474e-02 3.672813135943475693e-02 6.915979351900802818e-03 -1.712827408152195474e-02 1.959985727791280219e-02 -1.021229472962115192e-02 -3.672813135943475693e-02 -1.959985727791280219e-02 7.229008792815184714e-01 -1.950145016986748470e-02 -2.981215200753395411e-02 2.770991207184815286e-01 1.950145016986748470e-02 -6.915979351900802818e-03 1.021229472962115192e-02 2.981215200753395411e-02 -1.297239563073226964e-02 -1.520213445427276433e-02 -9.521638544087385192e-03 1.297239563073226964e-02 9.521638544087385192e-03 -1.089372182261938438e-02 2.500000000000001110e-01 -4.587701243838115950e-03 -3.405407523088488375e-03 -2.763970506787449821e-03 -4.436375643958934134e-03
3.118625777465844351e-02 -3.118625777465844351e-02 1.757290696630919857e-02 3.722781982841871784e-02 1.092471860929655758e-02 -1.757290696630919857e-02 1.965491286210951927e-02 -6.648188357012640992e-03 -3.722781982841871784e-02 -1.965491286210951927e-02 -1.950145016986704061e-02 5.981211016183067830e-01 -2.630310121912216026e-02 1.950145016986704061e-02 4.018788983816932170e-01 -1.092471860929655758e-02 6.648188357012640992e-03 2.630310121912216026e-02 -8.574592547946346954e-03 -1.004274953877493104e-02 -6.302800580856859902e-03 8.574592547946346954e-03 6.302800580856859902e-03 -6.238793221683303081e-03 1.110223024625156540e-16 -2.893571700739894226e-03 -2.204074528026733759e-03 -1.778627252538189651e-03 -2.884329064887003469e-03
2.428815089049241038e-03 -2.428815089049241038e-03 -9.956901994062183903e-03 1.010142846992736487e-01 -5.326971604172547892e-02 9.956901994062183903e-03 1.109711866933358326e-01 -4.331281404766329501e-02 -1.010142846992736487e-01 -1.109711866933358326e-01 -2.981215200753351002e-02 -2.630310121912227128e-02 8.457159992590008724e-01 2.981215200753351002e-02 2.630310121912227128e-02 5.326971604172547892e-02 4.331281404766329501e-02 1.542840007409991276e-01 -3.751256143969627921e-02 -3.777568009470844146e-02 -3.747226826008964728e-02 3.751256143969627921e-02 3.747226826008964728e-02 1.712452824357624248e-02 -1.110223024625156540e-16 1.381060210358935336e-01 4.123899551396892349e-02 4.469146916643129686e-02 3.956885545788457748e-02
2.244899014125500969e-06 -2.244899014125500969e-06 -1.712827408152195474e-02 -3.672813135943475693e-02 -6.915979351900802818e-03 1.712827408152195474e-02 -1.959985727791280219e-02 1.021229472962115192e-02 3.672813135943475693e-02 1.959985727791280219e-02 2.770991207184815286e-01 1.950145016986748470e-02 2.981215200753395411e-02 7.229008792815184714e-01 -1.950145016986748470e-02 6.915979351900802818e-03 -1.021229472962115192e-02 -2.981215200753395411e-02 1.297239563073226964e-02 1.520213445427276433e-02 9.521638544087385192e-03 -1.297239563073226964e-02 -9.521638544087385192e-03 1.089372182261938438e-02 -2.500000000000001110e-01 4.587701243838115950e-03 3.405407523088488375e-03 2.763970506787449821e-03 4.436375643958934134e-03
-3.118625777465844351e-02 3.118625777465844351e-02 -1.757290696630919857e-02 -3.722781982841871784e-02 -1.092471860929655758e-02 1.757290696630919857e-02 -1.965491286210951927e-02 6.648188357012640992e-03 3.722781982841871784e-02 1.965491286210951927e-02 1.950145016986704061e-02 4.018788983816932170e-01 2.630310121912216026e-02 -1.950145016986704061e-02 5.981211016183067830e-01 1.092471860929655758e-02 -6.648188357012640992e-03 -2.630310121912216026e-02 8.574592547946346954e-03 1.004274953877493104e-02 6.302800580856859902e-03 -8.574592547946346954e-03 -6.302800580856859902e-03 6.238793221683303081e-03 -1.110223024625156540e-16 2.893571700739894226e-03 2.204074528026733759e-03 1.778627252538189651e-03 2.884329064887003469e-03
4.998290370115932024e-02 -4.998290370115932024e-02 4.117077789478351679e-02 3.671060340448373260e-02 8.998031944620898948e-02 -4.117077789478351679e-02 -4.460174490299784189e-03 4.880954155142547268e-02 -3.671060340448373260e-02 4.460174490299784189e-03 -6.915979351901135885e-03 -1.092471860929622451e-02 5.326971604172525687e-02 6.915979351901135885e-03 1.092471860929622451e-02 9.100196805537910105e-01 -4.880954155142547268e-02 -5.326971604172525687e-02 2.350250553011556942e-02 2.227650696613991954e-02 2.571225983459801689e-02 -2.350250553011556942e-02 -2.571225983459801689e-02 1.269254830411956636e-01 -1.110223024625156540e-16 -1.205683047085062132e-01 -3.732587160716316355e-02 -3.984821035822372348e-02 -3.657434571001927370e-02
-1.022481830796018176e-02 1.022481830796018176e-02 -1.237183932678945775e-01 5.496727503761955624e-03 4.880954155142580575e-02 1.237183932678945775e-01 1.292151207716565331e-01 1.725279348193203832e-01 -5.496727503761955624e-03 -1.292151207716565331e-01 1.021229472962137397e-02 6.648188357013862237e-03 4.331281404766385013e-02 -1.021229472962137397e-02 -6.648188357013862237e-03 -4.880954155142580575e-02 8.274720651806796168e-01 -4.331281404766385013e-02 4.289930848436540600e-02 4.408690109297086490e-02 4.142837804132648571e-02 -4.289930848436540600e-02 -4.142837804132648571e-02 -1.284139948250162533e-02 -7.771561172376095783e-16 -1.362357027997472825e-01 -3.983662500118734240e-02 -4.355581972660127477e-02 -3.773867928067420330e-02
-2.428815089049241038e-03 2.428815089049241038e-03 9.956901994062183903e-03 -1.010142846992736487e-01 5.326971604172547892e-02 -9.956901994062183903e-03 -1.109711866933358326e-01 4.331281404766329501e-02 1.010142846992736487e-01 1.109711866933358326e-01 2.981215200753351002e-02 2.630310121912227128e-02 1.542840007409991276e-01 -2.981215200753351002e-02 -2.630310121912227128e-02 -5.326971604172547892e-02 -4.331281404766329501e-02 8.457159992590008724e-01 3.751256143969627921e-02 3.777568009470844146e-02 3.747226826008964728e-02 -3.751256143969627921e-02 -3.747226826008964728e-02 -1.712452824357624248e-02 1.110223024625156540e-16 -1.381060210358935336e-01 -4.123899551396892349e-02 -4.469146916643129686e-02 -3.956885545788457748e-02
-6.319517832144572189e-03 6.319517832144572189e-03 1.939680295425016965e-02 1.401005590958059877e-02 -2.350250553011545840e-02 -1.939680295425016965e-02 -5.386747044669570883e-03 -4.289930848436562805e-02 -1.401005590958059877e-02 5.386747044669570883e-03 -1.297239563073260271e-02 -8.574592547945791843e-03 -3.751256143969605716e-02 1.297239563073260271e-02 8.574592547945791843e-03 2.350250553011545840e-02 4.289930848436562805e-02 3.751256143969605716e-02 8.624560927056320603e-01 -7.708739446532930639e-02 -2.993135213561481933e-03 1.375439072943679397e-01 2.993135213561481933e-03 -2.165565544749037397e-02 -3.330669073875469621e-16 -1.137100615190815844e-01 2.178899610307331036e-01 9.168815241110461756e-03 -3.799621851167445108e-02
-6.560504758681195980e-03 6.560504758681195980e-03 2.181039412683039025e-02 1.549917312856874396e-02 -2.227650696613947545e-02 -2.181039412683039025e-02 -6.311220998261646287e-03 -4.408690109296986570e-02 -1.549917312856874396e-02 6.311220998261646287e-03 -1.520213445427276433e-02 -1.004274953877470899e-02 -3.777568009470821941e-02 1.520213445427276433e-02 1.004274953877470899e-02 2.227650696613947545e-02 4.408690109296986570e-02 3.777568009470821941e-02 -7.708739446532919537e-02 8.812905634197391036e-01 -2.904348990377181305e-02 7.708739446532919537e-02 2.904348990377181305e-02 -2.371579964058190271e-02 -2.220446049250313081e-16 -1.207012327955443443e-01 8.385633321363550330e-03 2.019629995444659487e-01 -3.353325900934167603e-02
-5.996709227056307157e-03 5.996709227056307157e-03 1.571611820672813575e-02 1.176000842549207448e-02 -2.571225983459746178e-02 -1.571611820672813575e-02 -3.956109781236061274e-03 -4.142837804132559754e-02 -1.176000842549207448e-02 3.956109781236061274e-03 -9.521638544087940303e-03 -6.302800580856748880e-03 -3.747226826008953626e-02 9.521638544087940303e-03 6.302800580856748880e-03 2.571225983459746178e-02 4.142837804132559754e-02 3.747226826008953626e-02 -2.993135213561815000e-03 -2.904348990377225714e-02 8.237884766489184107e-01 2.993135213561815000e-03 1.762115233510815893e-01 -1.856596972618085317e-02 -2.220446049250313081e-16 -1.036352423324030658e-01 -3.402849418561504358e-02 -3.253085334036232013e-04 2.528813236897605732e-01
6.319517832144572189e-03 -6.319517832144572189e-03 -1.939680295425016965e-02 -1.401005590958059877e-02 2.350250553011545840e-02 1.939680295425016965e-02 5.386747044669570883e-03 4.289930848436562805e-02 1.401005590958059877e-02 -5.386747044669570883e-03 1.297239563073260271e-02 8.574592547945791843e-03 3.751256143969605716e-02 -1.297239563073260271e-02 -8.574592547945791843e-03 -2.350250553011545840e-02 -4.289930848436562805e-02 -3.751256143969605716e-02 1.375439072943679397e-01 7.708739446532930639e-02 2.993135213561481933e-03 8.624560927056320603e-01 -2.993135213561481933e-03 2.165565544749037397e-02 3.330669073875469621e-16 1.137100615190815844e-01 -2.178899610307331036e-01 -9.168815241110461756e-03 3.799621851167445108e-02
5.996709227056307157e-03 -5.996709227056307157e-03 -1.571611820672813575e-02 -1.176000842549207448e-02 2.571225983459746178e-02 1.571611820672813575e-02 3.956109781236061274e-03 4.142837804132559754e-02 1.176000842549207448e-02 -3.956109781236061274e-03 9.521638544087940303e-03 6.302800580856748880e-03 3.747226826008953626e-02 -9.521638544087940303e-03 -6.302800580856748880e-03 -2.571225983459746178e-02 -4.142837804132559754e-02 -3.747226826008953626e-02 2.993135213561815000e-03 2.904348990377225714e-02 1.762115233510815893e-01 -2.993135213561815000e-03 8.237884766489184107e-01 1.856596972618085317e-02 2.220446049250313081e-16 1.036352423324030658e-01 3.402849418561504358e-02 3.253085334036232013e-04 -2.528813236897605732e-01
1.380045485857148702e-01 -1.380045485857148702e-01 -1.397668825236959567e-01 -1.440500112847715730e-01 -1.269254830411952195e-01 1.397668825236959567e-01 -4.283128761075616353e-03 1.284139948250073715e-02 1.440500112847715730e-01 4.283128761075616353e-03 -1.089372182261960642e-02 -6.238793221683081036e-03 1.712452824357635350e-02 1.089372182261960642e-02 6.238793221683081036e-03 1.269254830411952195e-01 -1.284139948250073715e-02 -1.712452824357635350e-02 -2.165565544749048499e-02 -2.371579964058190271e-02 -1.856596972618018704e-02 2.165565544749048499e-02 1.856596972618018704e-02 2.636281759893753796e-01 2.109423746787797427e-15 3.302213050086555413e-02 8.044407720714685794e-03 9.544552309368681264e-03 6.675707628066795962e-03
0.000000000000000000e+00 0.000000000000000000e+00 0.000000000000000000e+00 0.000000000000000000e+00 0.000000000000000000e+00 0.000000000000000000e+00 0.000000000000000000e+00 0.000000000000000000e+00 0.000000000000000000e+00 0.000000000000000000e+00 2.500000000000000000e-01 0.000000000000000000e+00 0.000000000000000000e+00 -2.500000000000000000e-01 0.000000000000000000e+00 0.000000000000000000e+00 0.000000000000000000e+00 0.000000000000000000e+00 0.000000000000000000e+00 0.000000000000000000e+00 0.000000000000000000e+00 0.000000000000000000e+00 0.000000000000000000e+00 0.000000000000000000e+00 5.000000000000000000e-01 0.000000000000000000e+00 0.000000000000000000e+00 0.000000000000000000e+00 0.000000000000000000e+00
1.845253848626771109e-02 -1.845253848626771109e-02 -1.566739809123973703e-02 -1.753771632738576614e-02 1.205683047085078785e-01 1.566739809123973703e-02 -1.870318236146029101e-03 1.362357027997476155e-01 1.753771632738576614e-02 1.870318236146029101e-03 -4.587701243840225374e-03 -2.893571700738117869e-03 1.381060210358936446e-01 4.587701243840225374e-03 2.893571700738117869e-03 -1.205683047085078785e-01 -1.362357027997476155e-01 -1.381060210358936446e-01 -1.137100615190810293e-01 -1.207012327955434561e-01 -1.036352423324005123e-01 1.137100615190810293e-01 1.036352423324005123e-01 3.302213050086644230e-02 -1.110223024625156540e-15 2.670434348088258636e-01 7.384560804416018254e-02 8.271100700091793545e-02 6.746996572016561444e-02
5.322832586463377424e-03 -5.322832586463377424e-03 -2.510753394026288277e-03 -3.913123906804760743e-03 3.732587160716338559e-02 2.510753394026288277e-03 -1.402370512778472467e-03 3.983662500118967387e-02 3.913123906804760743e-03 1.402370512778472467e-03 -3.405407523087933264e-03 -2.204074528027955004e-03 4.123899551396814633e-02 3.405407523087933264e-03 2.204074528027955004e-03 -3.732587160716338559e-02 -3.983662500118967387e-02 -4.123899551396814633e-02 2.178899610307331036e-01 8.385633321363772374e-03 -3.402849418561537664e-02 -2.178899610307331036e-01 3.402849418561537664e-02 8.044407720714130683e-03 9.992007221626408864e-16 7.384560804416029356e-02 3.785862591580613223e-01 1.679547562280396811e-01 2.779380792509555942e-02
5.853649036910657522e-03 -5.853649036910657522e-03 -3.707609368375996972e-03 -4.843258808207906441e-03 3.984821035822239121e-02 3.707609368375996972e-03 -1.135649439831909469e-03 4.355581972659838819e-02 4.843258808207906441e-03 1.135649439831909469e-03 -2.763970506788560044e-03 -1.778627252538300674e-03 4.469146916643029765e-02 2.763970506788560044e-03 1.778627252538300674e-03 -3.984821035822239121e-02 -4.355581972659838819e-02 -4.469146916643029765e-02 9.168815241109573577e-03 2.019629995444651716e-01 -3.253085334048444466e-04 -9.168815241109573577e-03 3.253085334048444466e-04 9.544552309368015131e-03 7.771561172376095783e-16 8.271100700091882363e-02 1.679547562280407913e-01 2.381950751644168474e-01 4.403067276107330841e-02
4.999782439732203265e-03 -4.999782439732203265e-03 -1.164333570654707550e-03 -2.994509747865969906e-03 3.657434571001838552e-02 1.164333570654707550e-03 -1.830176177211262356e-03 3.773867928067309307e-02 2.994509747865969906e-03 1.830176177211262356e-03 -4.436375643958156978e-03 -2.884329064887225513e-03 3.956885545788435543e-02 4.436375643958156978e-03 2.884329064887225513e-03 -3.657434571001838552e-02 -3.773867928067309307e-02 -3.956885545788435543e-02 -3.799621851167422903e-02 -3.353325900934134296e-02 2.528813236897604622e-01 3.799621851167422903e-02 -2.528813236897604622e-01 6.675707628067573118e-03 4.440892098500626162e-16 6.746996572016905613e-02 2.779380792509522635e-02 4.403067276107219818e-02 4.947927964564462489e-01
