10
1 1 3 1 1 1 1
2 2 1 1 1 2 1
3 2 3 1 1 2 1
4 3 1 1 1 3 1
5 4 5 1 1 4 1
6 4 6 1 1 4 1
7 5 4 1 1 5 1
8 2 2 1 2 2 1
9 4 4 1 2 4 1
10 5 5 1 2 5 1
6.283185840707965486e-01 1.858407079646017535e-01 -1.858407079646017535e-01 3.716814159292035069e-01 5.309734513274332046e-02 1.238938053097344977e-01 -5.309734513274332046e-02 0.000000000000000000e+00 -7.079646017699119109e-02 1.769911504424785675e-02
1.858407079646017535e-01 7.404129793510324520e-01 -7.374631268436579457e-02 -1.858407079646017535e-01 -2.654867256637166023e-02 -6.194690265486724884e-02 2.654867256637166023e-02 -3.333333333333333703e-01 3.539823008849559555e-02 -8.849557522123928377e-03
-1.858407079646017535e-01 -7.374631268436579457e-02 7.404129793510324520e-01 1.858407079646017535e-01 2.654867256637166023e-02 6.194690265486724884e-02 -2.654867256637166023e-02 -3.333333333333333703e-01 -3.539823008849559555e-02 8.849557522123928377e-03
3.716814159292035069e-01 -1.858407079646017535e-01 1.858407079646017535e-01 6.283185840707965486e-01 -5.309734513274332046e-02 -1.238938053097344977e-01 5.309734513274332046e-02 0.000000000000000000e+00 7.079646017699119109e-02 -1.769911504424785675e-02
5.309734513274336209e-02 -2.654867256637168105e-02 2.654867256637168105e-02 -5.309734513274336209e-02 8.495575221238937935e-01 -1.769911504424775961e-02 1.504424778761061510e-01 0.000000000000000000e+00 -1.327433628318583081e-01 2.831858407079645423e-01
1.238938053097345116e-01 -6.194690265486725578e-02 6.194690265486725578e-02 -1.238938053097345116e-01 -1.769911504424775961e-02 7.920353982300885054e-01 1.769911504424775961e-02 0.000000000000000000e+00 -3.097345132743362650e-01 -1.725663716814159754e-01
-5.309734513274336209e-02 2.654867256637168105e-02 -2.654867256637168105e-02 5.309734513274336209e-02 1.504424778761061510e-01 1.769911504424775961e-02 8.495575221238937935e-01 0.000000000000000000e+00 1.327433628318583081e-01 -2.831858407079645423e-01
0.000000000000000000e+00 -3.333333333333333703e-01 -3.333333333333333703e-01 0.000000000000000000e+00 0.000000000000000000e+00 0.000000000000000000e+00 0.000000000000000000e+00 3.333333333333332593e-01 0.000000000000000000e+00 0.000000000000000000e+00
-7.079646017699112170e-02 3.539823008849556085e-02 -3.539823008849556085e-02 7.079646017699112170e-02 -1.327433628318583914e-01 -3.097345132743362650e-01 1.327433628318583914e-01 0.000000000000000000e+00 1.769911504424779292e-01 -4.424778761061948229e-02
1.769911504424778736e-02 -8.849557522123893682e-03 8.849557522123893682e-03 -1.769911504424778736e-02 2.831858407079645423e-01 -1.725663716814159754e-01 -2.831858407079645423e-01 0.000000000000000000e+00 -4.424778761061959331e-02 2.610619469026549400e-01
