1 1 2 1 1 1 1
2 1 3 1 1 1 1
3 2 1 1 1 2 1
4 2 12 1 1 2 1
5 3 1 1 1 3 1
6 3 5 1 1 3 1
7 3 12 1 1 3 1
8 5 3 1 1 5 1
9 5 4 1 1 5 1
10 5 6 1 1 5 1
11 5 8 1 1 5 1
12 5 11 1 1 5 1
13 6 5 1 1 6 1
14 6 7 1 1 6 1
15 7 6 1 1 7 1
16 7 12 1 1 7 1
17 8 5 1 1 8 1
18 8 30 1 1 8 1
19 9 10 1 1 9 1
20 11 4 1 1 11 1
21 11 5 1 1 11 1
22 11 13 1 1 11 1
23 12 2 1 1 12 1
24 12 3 1 1 12 1
25 12 7 1 1 12 1
26 12 14 1 1 12 1
27 12 16 1 1 12 1
28 13 11 1 1 13 1
29 13 15 1 1 13 1
30 14 12 1 1 14 1
31 14 15 1 1 14 1
32 15 13 1 1 15 1
33 15 14 1 1 15 1
34 15 17 1 1 15 1
35 15 33 1 1 15 1
36 16 12 1 1 16 1
37 16 17 1 1 16 1
38 17 15 1 1 17 1
39 17 16 1 1 17 1
40 17 30 1 1 17 1
41 17 113 1 1 17 1
42 18 17 1 1 18 1
43 18 19 1 1 18 1
44 19 34 1 1 19 1
45 20 19 1 1 20 1
46 20 21 1 1 20 1
47 21 22 1 1 21 1
48 22 23 1 1 22 1
49 23 22 1 1 23 1
50 23 24 1 1 23 1
51 24 23 1 1 24 1
52 25 27 1 1 25 1
53 26 25 1 1 26 1
54 26 30 1 1 26 1
55 27 25 1 1 27 1
56 27 32 1 1 27 1
57 27 115 1 1 27 1
58 28 27 1 1 28 1
59 28 29 1 1 28 1
60 29 28 1 1 29 1
61 29 31 1 1 29 1
62 30 8 1 1 30 1
63 30 26 1 1 30 1
64 31 29 1 1 31 1
65 31 32 1 1 31 1
66 32 23 1 1 32 1
67 32 27 1 1 32 1
68 32 31 1 1 32 1
69 32 113 1 1 32 1
70 32 114 1 1 32 1
71 33 15 1 1 33 1
72 33 37 1 1 33 1
73 34 19 1 1 34 1
74 34 36 1 1 34 1
75 34 37 1 1 34 1
76 34 43 1 1 34 1
77 35 36 1 1 35 1
78 35 37 1 1 35 1
79 36 34 1 1 36 1
80 36 35 1 1 36 1
81 37 33 1 1 37 1
82 37 35 1 1 37 1
83 37 38 1 1 37 1
84 38 30 1 1 38 1
85 38 65 1 1 38 1
86 39 37 1 1 39 1
87 39 40 1 1 39 1
88 40 37 1 1 40 1
89 40 41 1 1 40 1
90 40 42 1 1 40 1
91 41 40 1 1 41 1
92 41 42 1 1 41 1
93 42 40 1 1 42 1
94 42 49 1 1 42 1
95 43 34 1 1 43 1
96 43 44 1 1 43 1
97 44 43 1 1 44 1
98 45 44 1 1 45 1
99 45 49 1 1 45 1
100 46 48 1 1 46 1
101 48 46 1 1 48 1
102 48 49 1 1 48 1
103 49 42 1 1 49 1
104 49 45 1 1 49 1
105 49 47 1 1 49 1
106 49 50 1 1 49 1
107 49 54 1 1 49 1
108 50 57 1 1 50 1
109 51 49 1 1 51 1
110 52 51 1 1 52 1
111 53 52 1 1 53 1
112 53 54 1 1 53 1
113 54 53 1 1 54 1
114 54 55 1 1 54 1
115 54 56 1 1 54 1
116 54 59 1 1 54 1
117 55 54 1 1 55 1
118 55 56 1 1 55 1
119 55 59 1 1 55 1
120 56 54 1 1 56 1
121 56 55 1 1 56 1
122 56 57 1 1 56 1
123 56 58 1 1 56 1
124 56 59 1 1 56 1
125 57 50 1 1 57 1
126 57 56 1 1 57 1
127 58 51 1 1 58 1
128 58 56 1 1 58 1
129 59 54 1 1 59 1
130 59 55 1 1 59 1
131 59 56 1 1 59 1
132 59 60 1 1 59 1
133 59 61 1 1 59 1
134 59 63 1 1 59 1
135 60 59 1 1 60 1
136 60 62 1 1 60 1
137 61 64 1 1 61 1
138 62 60 1 1 62 1
139 63 59 1 1 63 1
140 63 64 1 1 63 1
141 64 61 1 1 64 1
142 64 65 1 1 64 1
143 65 64 1 1 65 1
144 65 66 1 1 65 1
145 65 68 1 1 65 1
146 66 49 1 1 66 1
147 66 67 1 1 66 1
148 67 62 1 1 67 1
149 67 66 1 1 67 1
150 68 65 1 1 68 1
151 68 81 1 1 68 1
152 68 116 1 1 68 1
153 69 47 1 1 69 1
154 69 49 1 1 69 1
155 69 68 1 1 69 1
156 69 70 1 1 69 1
157 70 24 1 1 70 1
158 70 69 1 1 70 1
159 71 70 1 1 71 1
160 71 72 1 1 71 1
161 71 73 1 1 71 1
162 72 71 1 1 72 1
163 74 75 1 1 74 1
164 75 69 1 1 75 1
165 75 70 1 1 75 1
166 75 74 1 1 75 1
167 75 77 1 1 75 1
168 75 118 1 1 75 1
169 76 77 1 1 76 1
170 77 69 1 1 77 1
171 77 76 1 1 77 1
172 77 80 1 1 77 1
173 77 82 1 1 77 1
174 78 77 1 1 78 1
175 78 79 1 1 78 1
176 79 78 1 1 79 1
177 79 80 1 1 79 1
178 80 81 1 1 80 1
179 80 96 1 1 80 1
180 82 83 1 1 82 1
181 82 96 1 1 82 1
182 83 82 1 1 83 1
183 83 84 1 1 83 1
184 83 85 1 1 83 1
185 85 84 1 1 85 1
186 85 89 1 1 85 1
187 86 85 1 1 86 1
188 86 87 1 1 86 1
189 87 86 1 1 87 1
190 88 85 1 1 88 1
191 88 89 1 1 88 1
192 89 88 1 1 89 1
193 89 90 1 1 89 1
194 89 92 1 1 89 1
195 90 89 1 1 90 1
196 90 91 1 1 90 1
197 91 90 1 1 91 1
198 92 89 1 1 92 1
199 92 93 1 1 92 1
200 92 94 1 1 92 1
201 92 100 1 1 92 1
202 92 102 1 1 92 1
203 94 92 1 1 94 1
204 94 95 1 1 94 1
205 95 96 1 1 95 1
206 96 82 1 1 96 1
207 96 94 1 1 96 1
208 96 95 1 1 96 1
209 96 97 1 1 96 1
210 97 80 1 1 97 1
211 97 96 1 1 97 1
212 98 80 1 1 98 1
213 98 100 1 1 98 1
214 100 94 1 1 100 1
215 100 99 1 1 100 1
216 100 101 1 1 100 1
217 100 103 1 1 100 1
218 101 102 1 1 101 1
219 102 101 1 1 102 1
220 103 104 1 1 103 1
221 103 105 1 1 103 1
222 103 110 1 1 103 1
223 104 105 1 1 104 1
224 105 103 1 1 105 1
225 105 104 1 1 105 1
226 105 108 1 1 105 1
227 106 100 1 1 106 1
228 106 105 1 1 106 1
229 107 105 1 1 107 1
230 107 106 1 1 107 1
231 108 109 1 1 108 1
232 109 108 1 1 109 1
233 109 110 1 1 109 1
234 110 103 1 1 110 1
235 110 109 1 1 110 1
236 110 112 1 1 110 1
237 111 110 1 1 111 1
238 112 110 1 1 112 1
239 113 17 1 1 113 1
240 114 115 1 1 114 1
241 115 114 1 1 115 1
242 117 12 1 1 117 1
243 118 75 1 1 118 1
244 118 76 1 1 118 1
245 1 1 1 2 1 1
246 2 2 1 2 2 1
247 3 3 1 2 3 1
248 4 4 1 2 4 1
249 5 5 1 2 5 1
250 6 6 1 2 6 1
251 7 7 1 2 7 1
252 8 8 1 2 8 1
253 9 9 1 2 9 1
254 10 10 1 2 10 1
255 11 11 1 2 11 1
256 12 12 1 2 12 1
257 13 13 1 2 13 1
258 14 14 1 2 14 1
259 17 17 1 2 17 1
260 18 18 1 2 18 1
261 21 21 1 2 21 1
262 23 23 1 2 23 1
263 24 24 1 2 24 1
264 25 25 1 2 25 1
265 26 26 1 2 26 1
266 27 27 1 2 27 1
267 28 28 1 2 28 1
268 29 29 1 2 29 1
269 30 30 1 2 30 1
270 31 31 1 2 31 1
271 35 35 1 2 35 1
272 36 36 1 2 36 1
273 37 37 1 2 37 1
274 38 38 1 2 38 1
275 39 39 1 2 39 1
276 42 42 1 2 42 1
277 43 43 1 2 43 1
278 44 44 1 2 44 1
279 45 45 1 2 45 1
280 46 46 1 2 46 1
281 47 47 1 2 47 1
282 51 51 1 2 51 1
283 52 52 1 2 52 1
284 54 54 1 2 54 1
285 57 57 1 2 57 1
286 59 59 1 2 59 1
287 60 60 1 2 60 1
288 61 61 1 2 61 1
289 62 62 1 2 62 1
290 63 63 1 2 63 1
291 64 64 1 2 64 1
292 65 65 1 2 65 1
293 66 66 1 2 66 1
294 67 67 1 2 67 1
295 68 68 1 2 68 1
296 69 69 1 2 69 1
297 70 70 1 2 70 1
298 73 73 1 2 73 1
299 75 75 1 2 75 1
300 76 76 1 2 76 1
301 77 77 1 2 77 1
302 78 78 1 2 78 1
303 80 80 1 2 80 1
304 81 81 1 2 81 1
305 82 82 1 2 82 1
306 83 83 1 2 83 1
307 84 84 1 2 84 1
308 85 85 1 2 85 1
309 88 88 1 2 88 1
310 89 89 1 2 89 1
311 90 90 1 2 90 1
312 91 91 1 2 91 1
313 92 92 1 2 92 1
314 94 94 1 2 94 1
315 95 95 1 2 95 1
316 96 96 1 2 96 1
317 97 97 1 2 97 1
318 100 100 1 2 100 1
319 101 101 1 2 101 1
320 102 102 1 2 102 1
321 103 103 1 2 103 1
322 105 105 1 2 105 1
323 106 106 1 2 106 1
324 107 107 1 2 107 1
325 109 109 1 2 109 1
326 110 110 1 2 110 1
327 111 111 1 2 111 1
328 112 112 1 2 112 1
329 113 113 1 2 113 1
330 114 114 1 2 114 1
331 115 115 1 2 115 1
332 117 117 1 2 117 1
333 118 118 1 2 118 1